0
1000000
3500000
1500000
2800000
1800000
1500000
1200000
1000000
1500000
900000
1600000
2000000
0
600000
1000000
1200000
1700000
1400000
0
1400000
500000
1000000
700000
2500000
1800000
1800000
1800000
1000000
1800000
4200000
8500000
1000000
4000000
2000000
2000000
2800000
2300000
3500000
2800000
0
1000000
0
1000000
2500000
1300000
1000000
1000000
1000000
1300000
2000000
1000000
2000000
2500000
2300000
2000000
5800000
1800000
3500000
3000000
1000000
1000000
1000000
1000000
1000000
1000000
1000000
2800000
0
1000000
1000000
