1 0 0 0
2 0 0 0
3 229 3585 453144
4 316 3959 575290
5 832 4057 173666
6 443 3825 230000
7 366 3708 171918
8 335 2674 360870
9 375 3871 216882
10 316 2636 358811
11 429 2784 349000
12 322 3430 272249
13 512 2656 374375
14 377 3024 342363
15 323 2480 446750
16 334 1786 513533
17 578 3685 292400
18 936 2735 414601
19 493 3594 304359
20 523 3277 296476
21 360 2611 378181
22 672 4729 95789
23 335 3511 754093
24 318 4436 435829
25 3 5 0
26 3 1322 -3
27 356 3604 700034
28 480 3952 545602
29 351 3377 755001
30 360 3570 695363
31 266 4259 147917
32 451 2106 483849
33 411 4045 204524
34 248 3928 203915
35 238 4479 146489
36 390 3410 295259
37 405 4139 154407
38 287 4479 30749
39 278 1852 472055
40 328 4198 175245
41 249 4354 145215
42 285 4617 106487
43 234 3391 252793
44 266 4514 125561
45 2 6 0
46 2 3 0
47 3 2 0
48 1 3901 0
