2048 6000 40000
2048 12000 40000
2048 12000 40000
2048 12000 40000
2048 8000 40000
2048 8000 40000
2048 8000 40000
2048 8000 40000
2048 8000 40000
2048 8000 40000
2048 8000 40000
2048 8000 40000
2048 8000 40000
2048 8000 40000
2048 8000 40000
2048 8000 40000
2048 8000 40000
2048 8000 40000
2048 8000 40000
2048 8000 40000
2048 8000 40000
2048 8000 40000
2048 12000 40000
2048 12000 40000
2048 6000 40000
2048 12000 40000
2048 12000 40000
2048 12000 40000
2048 12000 40000
2048 12000 40000
2048 8000 40000
2048 8000 40000
2048 8000 40000
2048 8000 40000
2048 8000 40000
2048 8000 40000
2048 8000 40000
2048 8000 40000
2048 8000 40000
2048 8000 40000
2048 8000 40000
2048 8000 40000
2048 8000 40000
2048 8000 40000
2048 12000 40000
2048 12000 40000
2048 12000 40000
2048 12000 40000
