4980 36001
4979 37001
4967 38001
4966 39001
4968 40001
4968 41001
4953 42001
4950 43001
4947 44001
4935 45001
4934 46001
4927 47001
4914 48001
4916 49001
4903 50001
4899 51001
4895 52001
4881 53001
4872 54001
4869 55001
4862 56001
4854 57001
4852 58001
4853 59001
4857 60001
4847 61001
4839 62001
4834 63001
4832 64001
4823 65001
4824 66001
4822 67001
4807 68001
4810 69001
4804 70001
4794 71001
4799 72001
4783 73001
4784 74001
4788 75001
4769 76001
4766 77001
4762 78001
4758 79001
4760 80001
4760 81001
4755 82001
4752 83001
4753 84001
4747 85001
4749 86001
4746 87001
4740 88001
4742 89001
4737 90001
4731 91001
4726 92001
4721 93001
4718 94001
4718 95001
4717 96001
4719 97001
4713 98001
4713 99001
4714 100001
4706 101001
4708 102001
4701 103001
4700 104001
4698 105001
4689 106001
4686 107001
4676 108001
4674 109001
4674 110001
4667 111001
4661 112001
4657 113001
4649 114001
4648 115001
4645 116001
4640 117001
4638 118001
4636 119001
4626 120001
4630 121001
4620 122001
4609 123001
4605 124001
4600 125001
4593 126001
4586 127001
4580 128001
4575 129001
4566 130001
4568 131001
4555 132001
4547 133001
4538 134001
4526 135001
4534 136001
4515 137001
4518 138001
4506 139001
4499 140001
4509 141001
4493 142001
4494 143001
4480 144001
4470 145001
4462 146001
4456 147001
4458 148001
4443 149001
4444 150001
4443 151001
4437 152001
4434 153001
4427 154001
4421 155001
4416 156001
4411 157001
4401 158001
4399 159001
4378 160001
4365 161001
4352 162001
4354 163001
4345 164001
4335 165001
4331 166001
4322 167001
4318 168001
4310 169001
4306 170001
4302 171001
4299 172001
4289 173001
4284 174001
4277 175001
4268 176001
4267 177001
4262 178001
4255 179001
4254 180001
4243 181001
4238 182001
4235 183001
4238 184001
4222 185001
4217 186001
4210 187001
4196 188001
4200 189001
4191 190001
4191 191001
4188 192001
4187 193001
4185 194001
4171 195001
4168 196001
4159 197001
4157 198001
4153 199001
4141 200001
4134 201001
4133 202001
4134 203001
4130 204001
4119 205001
4127 206001
4127 207001
4111 208001
4113 209001
4108 210001
4108 211001
4106 212001
4103 213001
4099 214001
4084 215001
4087 216001
4083 217001
4077 218001
4075 219001
4068 220001
4070 221001
4059 222001
4054 223001
4049 224001
4043 225001
4035 226001
4036 227001
4031 228001
4029 229001
4020 230001
4012 231001
4008 232001
3999 233001
3994 234001
3989 235001
3995 236001
3991 237001
3985 238001
3979 239001
3975 240001
3974 241001
3959 242001
3945 243001
3945 244001
3944 245001
3929 246001
3924 247001
3915 248001
3912 249001
3908 250001
3899 251001
3883 252001
3870 253001
3867 254001
3850 255001
3837 256001
3821 257001
3805 258001
3812 259001
3814 260001
3802 261001
3792 262001
3789 263001
3790 264001
3779 265001
3783 266001
3769 267001
3758 268001
3744 269001
3737 270001
3732 271001
3729 272001
3724 273001
3722 274001
3713 275001
3682 276001
3677 277001
3655 278001
3663 279001
3645 280001
3626 281001
3630 282001
3622 283001
3618 284001
3618 285001
3621 286001
3614 287001
3601 288001
3590 289001
3578 290001
3576 291001
3569 292001
3559 293001
3548 294001
3547 295001
3540 296001
3533 297001
3525 298001
3518 299001
3505 300001
3496 301001
3483 302001
3471 303001
3467 304001
3462 305001
3450 306001
3446 307001
3443 308001
3432 309001
3439 310001
3428 311001
3428 312001
3426 313001
3435 314001
3433 315001
3435 316001
3439 317001
3441 318001
3443 319001
3444 320001
3445 321001
3432 322001
3433 323001
3423 324001
3411 325001
3406 326001
3389 327001
3381 328001
3361 329001
3355 330001
3357 331001
3360 332001
3360 333001
3359 334001
3353 335001
3351 336001
3350 337001
3334 338001
3330 339001
3326 340001
3318 341001
3315 342001
3314 343001
3303 344001
3298 345001
3276 346001
3261 347001
3235 348001
3246 349001
3234 350001
3213 351001
3199 352001
3197 353001
3200 354001
3199 355001
3188 356001
3175 357001
3169 358001
3160 359001
3152 360001
3146 361001
3136 362001
3120 363001
3115 364001
3105 365001
3083 366001
3082 367001
3075 368001
3081 369001
3073 370001
3070 371001
3067 372001
3058 373001
3037 374001
3016 375001
3005 376001
2987 377001
2979 378001
2961 379001
2951 380001
2937 381001
2931 382001
2928 383001
2922 384001
2910 385001
2901 386001
2892 387001
2894 388001
2877 389001
2865 390001
2854 391001
2840 392001
2835 393001
2832 394001
2828 395001
2809 396001
2808 397001
2796 398001
2792 399001
2787 400001
2776 401001
2759 402001
2758 403001
2745 404001
2732 405001
2733 406001
2726 407001
2720 408001
2717 409001
2706 410001
2698 411001
2680 412001
2675 413001
2662 414001
2652 415001
2647 416001
2639 417001
2642 418001
2634 419001
2632 420001
2633 421001
2658 422001
2663 423001
2650 424001
2627 425001
2622 426001
2619 427001
2613 428001
2634 429001
2637 430001
2631 431001
2628 432001
2613 433001
2602 434001
2594 435001
2588 436001
2577 437001
2552 438001
2546 439001
2544 440001
2536 441001
2522 442001
2517 443001
2504 444001
2499 445001
2498 446001
2488 447001
2483 448001
2480 449001
2477 450001
2470 451001
2466 452001
2464 453001
2458 454001
2452 455001
2450 456001
2435 457001
2430 458001
2420 459001
2409 460001
2398 461001
2389 462001
2385 463001
2380 464001
2365 465001
2355 466001
2346 467001
2336 468001
2328 469001
2318 470001
2305 471001
2301 472001
2284 473001
2274 474001
2261 475001
2249 476001
2236 477001
2217 478001
2215 479001
2204 480001
2201 481001
2192 482001
2176 483001
2169 484001
2163 485001
2151 486001
2154 487001
2149 488001
2141 489001
2135 490001
2129 491001
2121 492001
2115 493001
2103 494001
2102 495001
2091 496001
2083 497001
2078 498001
2061 499001
2057 500001
2046 501001
2034 502001
2032 503001
2026 504001
2019 505001
2002 506001
1993 507001
1996 508001
1983 509001
1980 510001
1972 511001
1967 512001
1963 513001
1960 514001
1942 515001
1949 516001
1940 517001
1929 518001
1919 519001
1913 520001
1901 521001
1890 522001
1882 523001
1873 524001
1864 525001
1851 526001
1844 527001
1834 528001
1828 529001
1825 530001
1822 531001
1820 532001
1801 533001
1802 534001
1807 535001
1806 536001
1805 537001
1810 538001
1812 539001
1810 540001
1801 541001
1797 542001
1792 543001
1781 544001
1770 545001
1767 546001
1758 547001
1768 548001
1762 549001
1758 550001
1748 551001
1755 552001
1755 553001
1707 554001
1700 555001
1692 556001
1688 557001
1682 558001
1680 559001
1673 560001
1682 561001
1694 562001
1690 563001
1678 564001
1668 565001
1654 566001
1646 567001
1631 568001
1623 569001
1611 570001
1604 571001
1618 572001
1603 573001
1583 574001
1573 575001
1565 576001
1552 577001
1541 578001
1534 579001
1524 580001
1512 581001
1503 582001
1498 583001
1492 584001
1489 585001
1475 586001
1468 587001
1453 588001
1448 589001
1439 590001
1428 591001
1425 592001
1414 593001
1407 594001
1408 595001
1401 596001
1392 597001
1396 598001
1392 599001
1382 600001
1377 601001
1368 602001
1364 603001
1355 604001
1347 605001
1343 606001
1331 607001
1326 608001
1323 609001
1321 610001
1311 611001
1307 612001
1301 613001
1294 614001
1286 615001
1271 616001
1266 617001
1259 618001
1252 619001
1242 620001
1239 621001
1233 622001
1227 623001
1221 624001
1214 625001
1207 626001
1204 627001
1196 628001
1191 629001
1190 630001
1188 631001
1182 632001
1176 633001
1169 634001
1164 635001
1161 636001
1162 637001
1160 638001
1159 639001
1159 640001
1157 641001
1146 642001
1141 643001
1128 644001
1125 645001
1119 646001
1115 647001
1109 648001
1100 649001
1096 650001
1092 651001
1088 652001
1085 653001
1073 654001
1073 655001
1068 656001
1068 657001
1067 658001
1062 659001
1054 660001
1046 661001
1039 662001
1033 663001
1026 664001
1019 665001
1012 666001
1004 667001
1000 668001
993 669001
