4992 -259022
4992 -258022
4987 -257022
4983 -256022
4983 -255022
4981 -254022
4980 -253022
4976 -252022
4975 -251022
4974 -250022
4966 -249022
4967 -248022
4965 -247022
4956 -246022
4961 -245022
4959 -244022
4957 -243022
4960 -242022
4954 -241022
4951 -240022
4954 -239022
4946 -238022
4944 -237022
4943 -236022
4941 -235022
4936 -234022
4939 -233022
4938 -232022
4937 -231022
4931 -230022
4935 -229022
4927 -228022
4923 -227022
4928 -226022
4924 -225022
4921 -224022
4918 -223022
4920 -222022
4913 -221022
4912 -220022
4910 -219022
4908 -218022
4908 -217022
4903 -216022
4904 -215022
4899 -214022
4901 -213022
4896 -212022
4893 -211022
4889 -210022
4885 -209022
4880 -208022
4886 -207022
4882 -206022
4879 -205022
4878 -204022
4871 -203022
4870 -202022
4870 -201022
4866 -200022
4862 -199022
4863 -198022
4858 -197022
4857 -196022
4858 -195022
4854 -194022
4852 -193022
4851 -192022
4845 -191022
4844 -190022
4843 -189022
4842 -188022
4832 -187022
4834 -186022
4830 -185022
4830 -184022
4828 -183022
4825 -182022
4824 -181022
4819 -180022
4818 -179022
4820 -178022
4811 -177022
4807 -176022
4809 -175022
4808 -174022
4802 -173022
4804 -172022
4799 -171022
4802 -170022
4796 -169022
4794 -168022
4795 -167022
4788 -166022
4788 -165022
4787 -164022
4783 -163022
4783 -162022
4782 -161022
4776 -160022
4776 -159022
4776 -158022
4773 -157022
4771 -156022
4766 -155022
4767 -154022
4762 -153022
4765 -152022
4756 -151022
4755 -150022
4757 -149022
4753 -148022
4753 -147022
4753 -146022
4748 -145022
4746 -144022
4746 -143022
4744 -142022
4739 -141022
4741 -140022
4735 -139022
4739 -138022
4737 -137022
4736 -136022
4733 -135022
4734 -134022
4731 -133022
4729 -132022
4728 -131022
4728 -130022
4725 -129022
4727 -128022
4726 -127022
4723 -126022
4719 -125022
4723 -124022
4724 -123022
4722 -122022
4718 -121022
4717 -120022
4716 -119022
4712 -118022
4715 -117022
4710 -116022
4710 -115022
4713 -114022
4706 -113022
4708 -112022
4706 -111022
4704 -110022
4704 -109022
4707 -108022
4701 -107022
4696 -106022
4697 -105022
4701 -104022
4696 -103022
4691 -102022
4692 -101022
4695 -100022
4692 -99022
4690 -98022
4688 -97022
4684 -96022
4686 -95022
4683 -94022
4686 -93022
4682 -92022
4678 -91022
4678 -90022
4680 -89022
4679 -88022
4674 -87022
4675 -86022
4674 -85022
4672 -84022
4671 -83022
4670 -82022
4672 -81022
4669 -80022
4667 -79022
4667 -78022
4671 -77022
4669 -76022
4669 -75022
4667 -74022
4665 -73022
4663 -72022
4667 -71022
4664 -70022
4665 -69022
4667 -68022
4662 -67022
4660 -66022
4658 -65022
4657 -64022
4654 -63022
4657 -62022
4656 -61022
4657 -60022
4656 -59022
4654 -58022
4655 -57022
4651 -56022
4656 -55022
4649 -54022
4650 -53022
4650 -52022
4646 -51022
4645 -50022
4645 -49022
4645 -48022
4642 -47022
4640 -46022
4644 -45022
4640 -44022
4637 -43022
4635 -42022
4634 -41022
4634 -40022
4641 -39022
4628 -38022
4634 -37022
4626 -36022
4628 -35022
4626 -34022
4630 -33022
4627 -32022
4624 -31022
4622 -30022
4622 -29022
4622 -28022
4619 -27022
4617 -26022
4615 -25022
4617 -24022
4616 -23022
4612 -22022
4611 -21022
4610 -20022
4612 -19022
4609 -18022
4609 -17022
4611 -16022
4609 -15022
4607 -14022
4606 -13022
4609 -12022
4601 -11022
4604 -10022
4601 -9022
4602 -8022
4602 -7022
4599 -6022
4596 -5022
4594 -4022
4593 -3022
4593 -2022
4593 -1022
4593 -22
4586 978
4587 1978
4586 2978
4580 3978
4583 4978
4579 5978
4577 6978
4579 7978
4578 8978
4573 9978
4575 10978
4570 11978
4572 12978
4568 13978
4570 14978
4566 15978
4563 16978
4565 17978
4560 18978
4561 19978
4563 20978
4557 21978
4560 22978
4558 23978
4555 24978
4551 25978
4550 26978
4550 27978
4549 28978
4547 29978
4542 30978
4542 31978
4539 32978
4543 33978
4539 34978
4533 35978
4532 36978
4529 37978
4528 38978
4526 39978
4522 40978
4522 41978
4520 42978
4518 43978
4521 44978
4518 45978
4514 46978
4512 47978
4508 48978
4507 49978
4507 50978
4506 51978
4500 52978
4501 53978
4499 54978
4493 55978
4495 56978
4492 57978
4493 58978
4485 59978
4482 60978
4479 61978
4480 62978
4476 63978
4476 64978
4471 65978
4468 66978
4463 67978
4462 68978
4459 69978
4464 70978
4457 71978
4451 72978
4449 73978
4447 74978
4447 75978
4445 76978
4441 77978
4438 78978
4432 79978
4429 80978
4428 81978
4422 82978
4424 83978
4416 84978
4418 85978
4413 86978
4407 87978
4405 88978
4404 89978
4401 90978
4397 91978
4396 92978
4396 93978
4389 94978
4386 95978
4384 96978
4382 97978
4375 98978
4372 99978
4373 100978
4369 101978
4367 102978
4363 103978
4359 104978
4355 105978
4350 106978
4352 107978
4348 108978
4343 109978
4343 110978
4339 111978
4334 112978
4334 113978
4332 114978
4329 115978
4327 116978
4325 117978
4318 118978
4316 119978
4314 120978
4308 121978
4306 122978
4308 123978
4305 124978
4300 125978
4296 126978
4292 127978
4292 128978
4286 129978
4287 130978
4280 131978
4278 132978
4275 133978
4275 134978
4268 135978
4265 136978
4261 137978
4262 138978
4260 139978
4254 140978
4254 141978
4249 142978
4243 143978
4245 144978
4237 145978
4238 146978
4235 147978
4238 148978
4232 149978
4228 150978
4226 151978
4221 152978
4221 153978
4220 154978
4217 155978
4213 156978
4215 157978
4207 158978
4207 159978
4205 160978
4201 161978
4198 162978
4198 163978
4194 164978
4193 165978
4188 166978
4188 167978
4187 168978
4185 169978
4180 170978
4178 171978
4176 172978
4175 173978
4168 174978
4171 175978
4165 176978
4161 177978
4163 178978
4160 179978
4159 180978
4159 181978
4153 182978
4151 183978
4150 184978
4151 185978
4145 186978
4146 187978
4145 188978
4142 189978
4141 190978
4138 191978
4137 192978
4134 193978
4132 194978
4131 195978
4129 196978
4130 197978
4125 198978
4125 199978
4121 200978
4120 201978
4119 202978
4118 203978
4111 204978
4114 205978
4113 206978
4108 207978
4109 208978
4108 209978
4110 210978
4107 211978
4109 212978
4107 213978
4103 214978
4100 215978
4098 216978
4096 217978
4094 218978
4094 219978
4091 220978
4094 221978
4089 222978
4085 223978
4086 224978
4084 225978
4088 226978
4081 227978
4079 228978
4076 229978
4076 230978
4076 231978
4074 232978
4073 233978
4068 234978
4068 235978
4069 236978
4068 237978
4063 238978
4064 239978
4065 240978
4061 241978
4062 242978
4060 243978
4061 244978
4058 245978
4059 246978
4057 247978
4056 248978
4056 249978
4053 250978
4050 251978
4052 252978
4052 253978
4048 254978
4049 255978
4049 256978
4048 257978
4045 258978
4045 259978
4046 260978
4041 261978
4047 262978
4041 263978
4041 264978
4039 265978
4037 266978
4035 267978
4033 268978
4035 269978
4033 270978
4032 271978
4032 272978
4030 273978
4029 274978
4027 275978
4028 276978
4025 277978
4022 278978
4020 279978
4018 280978
4020 281978
4016 282978
4015 283978
4016 284978
4013 285978
4009 286978
4010 287978
4009 288978
4011 289978
4005 290978
4004 291978
4001 292978
4001 293978
4000 294978
3998 295978
3996 296978
3997 297978
3994 298978
3993 299978
3994 300978
3993 301978
3988 302978
3988 303978
3986 304978
3987 305978
3983 306978
3984 307978
3984 308978
3979 309978
3980 310978
3974 311978
3973 312978
3973 313978
3974 314978
3970 315978
3970 316978
3969 317978
3965 318978
3959 319978
3964 320978
3963 321978
3956 322978
3958 323978
3957 324978
3954 325978
3948 326978
3950 327978
3944 328978
3946 329978
3941 330978
3940 331978
3934 332978
3936 333978
3935 334978
3932 335978
3928 336978
3929 337978
3929 338978
3923 339978
3921 340978
3932 341978
3921 342978
3923 343978
3913 344978
3911 345978
3910 346978
3907 347978
3911 348978
3904 349978
3902 350978
3898 351978
3900 352978
3893 353978
3892 354978
3890 355978
3891 356978
3886 357978
3885 358978
3881 359978
3875 360978
3877 361978
3876 362978
3871 363978
3872 364978
3867 365978
3868 366978
3863 367978
3860 368978
3859 369978
3856 370978
3856 371978
3852 372978
3849 373978
3847 374978
3844 375978
3839 376978
3839 377978
3834 378978
3831 379978
3829 380978
3824 381978
3823 382978
3815 383978
3818 384978
3813 385978
3809 386978
3809 387978
3801 388978
3802 389978
3798 390978
3791 391978
3788 392978
3787 393978
3791 394978
3783 395978
3783 396978
3779 397978
3774 398978
3770 399978
3768 400978
3761 401978
3758 402978
3754 403978
3751 404978
3749 405978
3748 406978
3743 407978
3738 408978
3736 409978
3730 410978
3725 411978
3722 412978
3720 413978
3715 414978
3713 415978
3707 416978
3703 417978
3700 418978
3698 419978
3695 420978
3689 421978
3688 422978
3685 423978
3676 424978
3677 425978
3672 426978
3670 427978
3668 428978
3661 429978
3657 430978
3658 431978
3652 432978
3646 433978
3641 434978
3639 435978
3637 436978
3634 437978
3627 438978
3626 439978
3624 440978
3619 441978
3618 442978
3611 443978
3609 444978
3607 445978
3603 446978
3601 447978
3598 448978
3595 449978
3593 450978
3589 451978
3586 452978
3580 453978
3576 454978
3574 455978
3569 456978
3566 457978
3566 458978
3559 459978
3558 460978
3555 461978
3548 462978
3549 463978
3541 464978
3539 465978
3536 466978
3532 467978
3528 468978
3522 469978
3524 470978
3518 471978
3517 472978
3515 473978
3509 474978
3515 475978
3505 476978
3504 477978
3499 478978
3497 479978
3489 480978
3488 481978
3487 482978
3484 483978
3481 484978
3478 485978
3473 486978
3472 487978
3471 488978
3464 489978
3465 490978
3459 491978
3458 492978
3454 493978
3450 494978
3446 495978
3454 496978
3439 497978
3440 498978
3438 499978
3435 500978
3436 501978
3430 502978
3430 503978
3426 504978
3425 505978
3423 506978
3420 507978
3418 508978
3412 509978
3409 510978
3415 511978
3410 512978
3409 513978
3406 514978
3405 515978
3403 516978
3399 517978
3400 518978
3396 519978
3396 520978
3395 521978
3391 522978
3392 523978
3389 524978
3388 525978
3384 526978
3382 527978
3378 528978
3379 529978
3375 530978
3375 531978
3373 532978
3371 533978
3369 534978
3366 535978
3369 536978
3365 537978
3363 538978
3362 539978
3359 540978
3359 541978
3355 542978
3351 543978
3354 544978
3352 545978
3347 546978
3347 547978
3344 548978
3345 549978
3341 550978
3340 551978
3341 552978
3335 553978
3334 554978
3331 555978
3333 556978
3330 557978
3331 558978
3331 559978
3329 560978
3328 561978
3324 562978
3323 563978
3323 564978
3323 565978
3321 566978
3320 567978
3320 568978
3316 569978
3313 570978
3312 571978
3315 572978
3310 573978
3309 574978
3312 575978
3313 576978
3309 577978
3307 578978
3307 579978
3305 580978
3302 581978
3300 582978
3301 583978
3298 584978
3293 585978
3296 586978
3297 587978
3293 588978
3289 589978
3289 590978
3278 591978
3288 592978
3287 593978
3285 594978
3286 595978
3283 596978
3279 597978
3280 598978
3280 599978
3274 600978
3273 601978
3273 602978
3269 603978
3268 604978
3267 605978
3266 606978
3266 607978
3262 608978
3261 609978
3261 610978
3258 611978
3255 612978
3251 613978
3252 614978
3248 615978
3247 616978
3246 617978
3244 618978
3244 619978
3242 620978
3237 621978
3238 622978
3239 623978
3234 624978
3233 625978
3230 626978
3229 627978
3229 628978
3227 629978
3223 630978
3224 631978
3222 632978
3220 633978
3218 634978
3216 635978
3215 636978
3210 637978
3211 638978
3211 639978
3211 640978
3208 641978
3206 642978
3204 643978
3201 644978
3201 645978
3200 646978
3198 647978
3196 648978
3191 649978
3194 650978
3187 651978
3190 652978
3187 653978
3186 654978
3187 655978
3179 656978
3180 657978
3175 658978
3178 659978
3170 660978
3170 661978
3169 662978
3160 663978
3162 664978
3163 665978
3156 666978
3158 667978
3153 668978
3151 669978
3147 670978
3143 671978
3142 672978
3142 673978
3140 674978
3134 675978
3133 676978
3131 677978
3127 678978
3128 679978
3124 680978
3119 681978
3118 682978
3114 683978
3112 684978
3107 685978
3106 686978
3103 687978
3100 688978
3099 689978
3094 690978
3092 691978
3085 692978
3087 693978
3080 694978
3080 695978
3076 696978
3076 697978
3069 698978
3068 699978
3065 700978
3063 701978
3058 702978
3055 703978
3049 704978
3045 705978
3046 706978
3039 707978
3046 708978
3037 709978
3030 710978
3030 711978
3025 712978
3023 713978
3023 714978
3015 715978
3011 716978
3009 717978
3003 718978
3001 719978
2997 720978
2994 721978
2989 722978
2985 723978
2982 724978
2978 725978
2973 726978
2967 727978
2968 728978
2961 729978
2959 730978
2953 731978
2949 732978
2945 733978
2940 734978
2938 735978
2935 736978
2932 737978
2925 738978
2924 739978
2919 740978
2915 741978
2910 742978
2908 743978
2902 744978
2900 745978
2896 746978
2893 747978
2889 748978
2883 749978
2881 750978
2875 751978
2871 752978
2869 753978
2865 754978
2858 755978
2856 756978
2850 757978
2851 758978
2844 759978
2841 760978
2838 761978
2836 762978
2831 763978
2828 764978
2822 765978
2820 766978
2816 767978
2816 768978
2810 769978
2808 770978
2806 771978
2801 772978
2797 773978
2794 774978
2789 775978
2784 776978
2783 777978
2777 778978
2774 779978
2773 780978
2768 781978
2765 782978
2761 783978
2756 784978
2753 785978
2749 786978
2747 787978
2743 788978
2739 789978
2734 790978
2731 791978
2724 792978
2725 793978
2721 794978
2715 795978
2713 796978
2711 797978
2707 798978
2704 799978
2699 800978
2698 801978
2695 802978
2690 803978
2688 804978
2686 805978
2680 806978
2679 807978
2677 808978
2672 809978
2671 810978
2663 811978
2670 812978
2664 813978
2657 814978
2655 815978
2653 816978
2651 817978
2648 818978
2643 819978
2642 820978
2635 821978
2635 822978
2634 823978
2635 824978
2629 825978
2623 826978
2625 827978
2620 828978
2619 829978
2616 830978
2615 831978
2614 832978
2612 833978
2611 834978
2606 835978
2606 836978
2604 837978
2599 838978
2599 839978
2598 840978
2597 841978
2598 842978
2591 843978
2588 844978
2588 845978
2588 846978
2586 847978
2584 848978
2578 849978
2579 850978
2577 851978
2577 852978
2575 853978
2572 854978
2570 855978
2570 856978
2567 857978
2570 858978
2568 859978
2561 860978
2562 861978
2560 862978
2559 863978
2554 864978
2554 865978
2550 866978
2553 867978
2550 868978
2546 869978
2547 870978
2544 871978
2545 872978
2541 873978
2541 874978
2535 875978
2535 876978
2530 877978
2533 878978
2533 879978
2529 880978
2528 881978
2525 882978
2526 883978
2521 884978
2521 885978
2521 886978
2517 887978
2517 888978
2512 889978
2513 890978
2513 891978
2510 892978
2514 893978
2508 894978
2506 895978
2508 896978
2505 897978
2505 898978
2502 899978
2503 900978
2502 901978
2500 902978
2497 903978
2496 904978
2493 905978
2489 906978
2490 907978
2491 908978
2485 909978
2484 910978
2486 911978
2486 912978
2481 913978
2481 914978
2483 915978
2480 916978
2478 917978
2476 918978
2477 919978
2472 920978
2473 921978
2460 922978
2465 923978
2466 924978
2465 925978
2461 926978
2464 927978
2462 928978
2461 929978
2456 930978
2451 931978
2456 932978
2451 933978
2446 934978
2446 935978
2446 936978
2441 937978
2442 938978
2441 939978
2436 940978
2437 941978
2437 942978
2433 943978
2428 944978
2429 945978
2427 946978
2424 947978
2424 948978
2422 949978
2420 950978
2419 951978
2417 952978
2414 953978
2410 954978
2416 955978
2409 956978
2407 957978
2406 958978
2402 959978
2401 960978
2397 961978
2397 962978
2397 963978
2393 964978
2393 965978
2392 966978
2387 967978
2385 968978
2386 969978
2382 970978
2381 971978
2377 972978
2376 973978
2374 974978
2373 975978
2372 976978
2369 977978
2365 978978
2363 979978
2363 980978
2357 981978
2355 982978
2354 983978
2352 984978
2349 985978
2349 986978
2348 987978
2346 988978
2343 989978
2340 990978
2338 991978
2339 992978
2331 993978
2330 994978
2326 995978
2325 996978
2320 997978
2320 998978
2316 999978
2313 1000978
2311 1001978
2310 1002978
2303 1003978
2301 1004978
2297 1005978
2295 1006978
2292 1007978
2290 1008978
2287 1009978
2284 1010978
2284 1011978
2280 1012978
2279 1013978
2274 1014978
2271 1015978
2267 1016978
2266 1017978
2261 1018978
2257 1019978
2256 1020978
2253 1021978
2248 1022978
2246 1023978
2243 1024978
2239 1025978
2236 1026978
2233 1027978
2234 1028978
2228 1029978
2224 1030978
2222 1031978
2219 1032978
2213 1033978
2212 1034978
2207 1035978
2200 1036978
2201 1037978
2201 1038978
2197 1039978
2192 1040978
2188 1041978
2185 1042978
2182 1043978
2177 1044978
2177 1045978
2172 1046978
2168 1047978
2165 1048978
2160 1049978
2157 1050978
2154 1051978
2151 1052978
2146 1053978
2142 1054978
2140 1055978
2134 1056978
2127 1057978
2125 1058978
2125 1059978
2118 1060978
2117 1061978
2113 1062978
2110 1063978
2104 1064978
2099 1065978
2097 1066978
2093 1067978
2091 1068978
2086 1069978
2083 1070978
2079 1071978
2075 1072978
2073 1073978
2072 1074978
2064 1075978
2061 1076978
2056 1077978
2052 1078978
2048 1079978
2044 1080978
2042 1081978
2036 1082978
2031 1083978
2029 1084978
2027 1085978
2023 1086978
2017 1087978
2012 1088978
2010 1089978
2008 1090978
2001 1091978
2001 1092978
1997 1093978
1992 1094978
1988 1095978
1987 1096978
1984 1097978
1980 1098978
1975 1099978
1972 1100978
1969 1101978
1965 1102978
1962 1103978
1957 1104978
1954 1105978
1952 1106978
1946 1107978
1941 1108978
1941 1109978
1936 1110978
1933 1111978
1929 1112978
1925 1113978
1922 1114978
1919 1115978
1917 1116978
1913 1117978
1910 1118978
1906 1119978
1901 1120978
1900 1121978
1895 1122978
1893 1123978
1888 1124978
1887 1125978
1886 1126978
1882 1127978
1877 1128978
1876 1129978
1872 1130978
1870 1131978
1867 1132978
1860 1133978
1862 1134978
1858 1135978
1856 1136978
1853 1137978
1852 1138978
1846 1139978
1844 1140978
1843 1141978
1841 1142978
1839 1143978
1834 1144978
1829 1145978
1830 1146978
1829 1147978
1824 1148978
1824 1149978
1821 1150978
1819 1151978
1816 1152978
1814 1153978
1811 1154978
1811 1155978
1808 1156978
1805 1157978
1803 1158978
1805 1159978
1803 1160978
1800 1161978
1797 1162978
1795 1163978
1795 1164978
1793 1165978
1792 1166978
1790 1167978
1787 1168978
1788 1169978
1780 1170978
1783 1171978
1779 1172978
1780 1173978
1777 1174978
1775 1175978
1774 1176978
1769 1177978
1770 1178978
1766 1179978
1768 1180978
1767 1181978
1764 1182978
1763 1183978
1759 1184978
1759 1185978
1757 1186978
1753 1187978
1753 1188978
1750 1189978
1749 1190978
1748 1191978
1752 1192978
1745 1193978
1742 1194978
1741 1195978
1738 1196978
1736 1197978
1738 1198978
1733 1199978
1732 1200978
1730 1201978
1729 1202978
1729 1203978
1726 1204978
1723 1205978
1725 1206978
1714 1207978
1723 1208978
1720 1209978
1719 1210978
1718 1211978
1718 1212978
1714 1213978
1717 1214978
1712 1215978
1714 1216978
1709 1217978
1709 1218978
1709 1219978
1707 1220978
1706 1221978
1704 1222978
1703 1223978
1702 1224978
1701 1225978
1698 1226978
1698 1227978
1696 1228978
1693 1229978
1690 1230978
1695 1231978
1689 1232978
1686 1233978
1685 1234978
1685 1235978
1681 1236978
1681 1237978
1682 1238978
1679 1239978
1677 1240978
1674 1241978
1673 1242978
1672 1243978
1670 1244978
1669 1245978
1670 1246978
1668 1247978
1664 1248978
1663 1249978
1663 1250978
1661 1251978
1660 1252978
1657 1253978
1657 1254978
1656 1255978
1653 1256978
1654 1257978
1653 1258978
1649 1259978
1648 1260978
1647 1261978
1644 1262978
1642 1263978
1642 1264978
1641 1265978
1637 1266978
1637 1267978
1635 1268978
1634 1269978
1633 1270978
1630 1271978
1629 1272978
1627 1273978
1628 1274978
1624 1275978
1621 1276978
1620 1277978
1618 1278978
1616 1279978
1617 1280978
1615 1281978
1615 1282978
1614 1283978
1609 1284978
1608 1285978
1607 1286978
1607 1287978
1604 1288978
1602 1289978
1599 1290978
1598 1291978
1598 1292978
1595 1293978
1594 1294978
1591 1295978
1590 1296978
1588 1297978
1587 1298978
1584 1299978
1582 1300978
1581 1301978
1579 1302978
1578 1303978
1575 1304978
1576 1305978
1572 1306978
1569 1307978
1567 1308978
1566 1309978
1563 1310978
1559 1311978
1558 1312978
1555 1313978
1553 1314978
1551 1315978
1549 1316978
1548 1317978
1544 1318978
1544 1319978
1541 1320978
1536 1321978
1534 1322978
1533 1323978
1531 1324978
1528 1325978
1527 1326978
1524 1327978
1512 1328978
1520 1329978
1515 1330978
1514 1331978
1512 1332978
1508 1333978
1504 1334978
1502 1335978
1501 1336978
1499 1337978
1494 1338978
1491 1339978
1491 1340978
1489 1341978
1485 1342978
1482 1343978
1479 1344978
1476 1345978
1474 1346978
1472 1347978
1468 1348978
1467 1349978
1462 1350978
1460 1351978
1458 1352978
1458 1353978
1452 1354978
1449 1355978
1447 1356978
1443 1357978
1441 1358978
1439 1359978
1436 1360978
1433 1361978
1430 1362978
1425 1363978
1423 1364978
1421 1365978
1417 1366978
1415 1367978
1412 1368978
1408 1369978
1406 1370978
1402 1371978
1400 1372978
1397 1373978
1393 1374978
1390 1375978
1388 1376978
1384 1377978
1380 1378978
1375 1379978
1373 1380978
1369 1381978
1366 1382978
1362 1383978
1359 1384978
1354 1385978
1350 1386978
1347 1387978
1341 1388978
1340 1389978
1338 1390978
1334 1391978
1331 1392978
1325 1393978
1323 1394978
1321 1395978
1318 1396978
1315 1397978
1309 1398978
1306 1399978
1305 1400978
1300 1401978
1299 1402978
1296 1403978
1294 1404978
1293 1405978
1288 1406978
1286 1407978
1277 1408978
1278 1409978
1274 1410978
1269 1411978
1267 1412978
1262 1413978
1260 1414978
1257 1415978
1256 1416978
1256 1417978
1253 1418978
1249 1419978
1238 1420978
1244 1421978
1240 1422978
1232 1423978
1233 1424978
1227 1425978
1226 1426978
1222 1427978
1218 1428978
1214 1429978
1213 1430978
1207 1431978
1205 1432978
1202 1433978
1197 1434978
1196 1435978
1194 1436978
1189 1437978
1187 1438978
1184 1439978
1182 1440978
1178 1441978
1176 1442978
1173 1443978
1172 1444978
1168 1445978
1164 1446978
1163 1447978
1161 1448978
1158 1449978
1156 1450978
1152 1451978
1151 1452978
1146 1453978
1148 1454978
1146 1455978
1144 1456978
1141 1457978
1140 1458978
1137 1459978
1135 1460978
1133 1461978
1129 1462978
1127 1463978
1125 1464978
1122 1465978
1120 1466978
1119 1467978
1118 1468978
1115 1469978
1113 1470978
1113 1471978
1112 1472978
1110 1473978
1108 1474978
1107 1475978
1106 1476978
1104 1477978
1103 1478978
1103 1479978
1100 1480978
1097 1481978
1095 1482978
1096 1483978
1091 1484978
1090 1485978
1089 1486978
1088 1487978
1086 1488978
1087 1489978
1086 1490978
1082 1491978
1079 1492978
1079 1493978
1077 1494978
1078 1495978
1075 1496978
1075 1497978
1072 1498978
1070 1499978
1072 1500978
1068 1501978
1068 1502978
1067 1503978
1063 1504978
1059 1505978
1062 1506978
1061 1507978
1059 1508978
1056 1509978
1056 1510978
1053 1511978
1052 1512978
1051 1513978
1052 1514978
1050 1515978
1046 1516978
1046 1517978
1046 1518978
1044 1519978
1044 1520978
1042 1521978
1042 1522978
1040 1523978
1039 1524978
1038 1525978
1035 1526978
1036 1527978
1035 1528978
1032 1529978
1029 1530978
1029 1531978
1028 1532978
1027 1533978
1024 1534978
1024 1535978
1025 1536978
1023 1537978
1021 1538978
1020 1539978
1017 1540978
1018 1541978
1016 1542978
1015 1543978
1013 1544978
1011 1545978
1010 1546978
1009 1547978
1008 1548978
1008 1549978
1006 1550978
1003 1551978
1000 1552978
1002 1553978
1001 1554978
999 1555978
