5000 -18974
5000 -17974
5000 -16974
5000 -15974
5000 -14974
5000 -13974
5000 -12974
5000 -11974
5000 -10974
5000 -9974
5000 -8974
5000 -7974
5000 -6974
5000 -5974
5000 -4974
5000 -3974
5000 -2974
5000 -1974
4970 -974
4948 26
4945 1026
4960 2026
4965 3026
4962 4026
4946 5026
4942 6026
4938 7026
4932 8026
4925 9026
4918 10026
4914 11026
4910 12026
4895 13026
4889 14026
4878 15026
4869 16026
4867 17026
4858 18026
4843 19026
4842 20026
4840 21026
4832 22026
4825 23026
4795 24026
4788 25026
4777 26026
4776 27026
4772 28026
4762 29026
4758 30026
4759 31026
4758 32026
4755 33026
4747 34026
4736 35026
4717 36026
4714 37026
4713 38026
4709 39026
4705 40026
4702 41026
4703 42026
4698 43026
4693 44026
4687 45026
4686 46026
4680 47026
4675 48026
4670 49026
4670 50026
4667 51026
4667 52026
4668 53026
4659 54026
4650 55026
4645 56026
4644 57026
4643 58026
4637 59026
4628 60026
4607 61026
4589 62026
4592 63026
4590 64026
4584 65026
4578 66026
4567 67026
4573 68026
4565 69026
4557 70026
4559 71026
4547 72026
4549 73026
4538 74026
4528 75026
4534 76026
4526 77026
4522 78026
4525 79026
4520 80026
4520 81026
4518 82026
4514 83026
4512 84026
4517 85026
4511 86026
4514 87026
4508 88026
4503 89026
4503 90026
4487 91026
4486 92026
4482 93026
4485 94026
4474 95026
4472 96026
4470 97026
4466 98026
4463 99026
4468 100026
4463 101026
4458 102026
4458 103026
4455 104026
4454 105026
4439 106026
4431 107026
4429 108026
4417 109026
4416 110026
4420 111026
4433 112026
4423 113026
4417 114026
4418 115026
4418 116026
4416 117026
4413 118026
4414 119026
4414 120026
4419 121026
4408 122026
4391 123026
4382 124026
4369 125026
4358 126026
4346 127026
4334 128026
4324 129026
4313 130026
4296 131026
4270 132026
4269 133026
4256 134026
4251 135026
4238 136026
4238 137026
4218 138026
4211 139026
4208 140026
4200 141026
4185 142026
4170 143026
4166 144026
4146 145026
4149 146026
4144 147026
4139 148026
4136 149026
4131 150026
4125 151026
4120 152026
4118 153026
4113 154026
4109 155026
4104 156026
4103 157026
4100 158026
4094 159026
4091 160026
4086 161026
4087 162026
4083 163026
4075 164026
4069 165026
4062 166026
4056 167026
4044 168026
4025 169026
4014 170026
3996 171026
3991 172026
3975 173026
3974 174026
3965 175026
3958 176026
3950 177026
3942 178026
3937 179026
3929 180026
3923 181026
3913 182026
3904 183026
3899 184026
3892 185026
3888 186026
3888 187026
3887 188026
3886 189026
3882 190026
3870 191026
3864 192026
3856 193026
3852 194026
3856 195026
3846 196026
3842 197026
3841 198026
3846 199026
3856 200026
3842 201026
3841 202026
3829 203026
3827 204026
3815 205026
3812 206026
3808 207026
3808 208026
3799 209026
3801 210026
3794 211026
3787 212026
3782 213026
3771 214026
3763 215026
3757 216026
3758 217026
3742 218026
3738 219026
3749 220026
3745 221026
3742 222026
3733 223026
3729 224026
3717 225026
3701 226026
3689 227026
3653 228026
3626 229026
3620 230026
3615 231026
3610 232026
3608 233026
3603 234026
3598 235026
3590 236026
3575 237026
3567 238026
3554 239026
3549 240026
3538 241026
3525 242026
3515 243026
3516 244026
3495 245026
3490 246026
3483 247026
3458 248026
3450 249026
3435 250026
3433 251026
3428 252026
3417 253026
3413 254026
3410 255026
3412 256026
3404 257026
3394 258026
3376 259026
3364 260026
3355 261026
3349 262026
3337 263026
3332 264026
3325 265026
3320 266026
3312 267026
3306 268026
3296 269026
3290 270026
3278 271026
3271 272026
3254 273026
3246 274026
3238 275026
3240 276026
3231 277026
3224 278026
3219 279026
3198 280026
3192 281026
3183 282026
3178 283026
3168 284026
3163 285026
3152 286026
3146 287026
3140 288026
3129 289026
3116 290026
3114 291026
3112 292026
3110 293026
3112 294026
3102 295026
3095 296026
3082 297026
3070 298026
3059 299026
3060 300026
3048 301026
3040 302026
3047 303026
3059 304026
3050 305026
3051 306026
3039 307026
3029 308026
3029 309026
3022 310026
3019 311026
3020 312026
3017 313026
3008 314026
3003 315026
3007 316026
2992 317026
2987 318026
2984 319026
2991 320026
2985 321026
2970 322026
2969 323026
2971 324026
2962 325026
2958 326026
2952 327026
2942 328026
2941 329026
2943 330026
2933 331026
2930 332026
2920 333026
2904 334026
2903 335026
2894 336026
2872 337026
2865 338026
2857 339026
2851 340026
2828 341026
2822 342026
2815 343026
2803 344026
2788 345026
2787 346026
2781 347026
2771 348026
2747 349026
2730 350026
2724 351026
2720 352026
2712 353026
2696 354026
2685 355026
2674 356026
2667 357026
2651 358026
2637 359026
2620 360026
2612 361026
2594 362026
2579 363026
2568 364026
2563 365026
2556 366026
2546 367026
2541 368026
2534 369026
2516 370026
2508 371026
2498 372026
2501 373026
2492 374026
2499 375026
2488 376026
2471 377026
2467 378026
2450 379026
2441 380026
2434 381026
2424 382026
2413 383026
2386 384026
2415 385026
2400 386026
2387 387026
2379 388026
2369 389026
2363 390026
2349 391026
2345 392026
2340 393026
2330 394026
2324 395026
2308 396026
2308 397026
2304 398026
2312 399026
2300 400026
2298 401026
2291 402026
2285 403026
2274 404026
2271 405026
2268 406026
2266 407026
2264 408026
2259 409026
2253 410026
2246 411026
2245 412026
2237 413026
2232 414026
2229 415026
2222 416026
2216 417026
2213 418026
2210 419026
2205 420026
2206 421026
2195 422026
2192 423026
2185 424026
2181 425026
2178 426026
2172 427026
2173 428026
2173 429026
2163 430026
2164 431026
2149 432026
2152 433026
2148 434026
2141 435026
2132 436026
2127 437026
2126 438026
2114 439026
2111 440026
2103 441026
2097 442026
2090 443026
2082 444026
2072 445026
2058 446026
2047 447026
2033 448026
2018 449026
2011 450026
1996 451026
1991 452026
1971 453026
1953 454026
1957 455026
1949 456026
1944 457026
1935 458026
1916 459026
1909 460026
1900 461026
1884 462026
1879 463026
1867 464026
1849 465026
1806 466026
1772 467026
1792 468026
1791 469026
1790 470026
1778 471026
1771 472026
1765 473026
1761 474026
1738 475026
1730 476026
1723 477026
1720 478026
1716 479026
1709 480026
1699 481026
1688 482026
1673 483026
1662 484026
1655 485026
1648 486026
1636 487026
1632 488026
1628 489026
1637 490026
1640 491026
1626 492026
1610 493026
1601 494026
1590 495026
1583 496026
1571 497026
1559 498026
1552 499026
1548 500026
1541 501026
1542 502026
1536 503026
1523 504026
1514 505026
1513 506026
1513 507026
1510 508026
1513 509026
1512 510026
1511 511026
1505 512026
1508 513026
1504 514026
1507 515026
1508 516026
1495 517026
1496 518026
1491 519026
1484 520026
1476 521026
1482 522026
1478 523026
1472 524026
1470 525026
1469 526026
1468 527026
1471 528026
1464 529026
1464 530026
1449 531026
1439 532026
1431 533026
1422 534026
1419 535026
1414 536026
1413 537026
1413 538026
1413 539026
1408 540026
1403 541026
1401 542026
1398 543026
1397 544026
1400 545026
1392 546026
1387 547026
1375 548026
1369 549026
1355 550026
1346 551026
1344 552026
1336 553026
1327 554026
1318 555026
1319 556026
1305 557026
1301 558026
1293 559026
1284 560026
1276 561026
1260 562026
1249 563026
1237 564026
1236 565026
1229 566026
1210 567026
1207 568026
1195 569026
1185 570026
1178 571026
1170 572026
1163 573026
1152 574026
1145 575026
1137 576026
1132 577026
1131 578026
1131 579026
1126 580026
1123 581026
1110 582026
1102 583026
1104 584026
1101 585026
1095 586026
1089 587026
1079 588026
1081 589026
1075 590026
1074 591026
1071 592026
1064 593026
1033 594026
1022 595026
1019 596026
1016 597026
1017 598026
1018 599026
1015 600026
1001 601026
991 602026
