5000 7965
4999 8965
4993 9965
4986 10965
4987 11965
4978 12965
4974 13965
4974 14965
4976 15965
4971 16965
4972 17965
4962 18965
4961 19965
4956 20965
4949 21965
4939 22965
4943 23965
4935 24965
4931 25965
4927 26965
4923 27965
4928 28965
4929 29965
4918 30965
4909 31965
4906 32965
4903 33965
4902 34965
4901 35965
4904 36965
4901 37965
4901 38965
4903 39965
4898 40965
4902 41965
4900 42965
4890 43965
4878 44965
4871 45965
4867 46965
4859 47965
4852 48965
4846 49965
4847 50965
4833 51965
4830 52965
4823 53965
4817 54965
4817 55965
4813 56965
4816 57965
4811 58965
4808 59965
4809 60965
4819 61965
4814 62965
4819 63965
4814 64965
4811 65965
4813 66965
4809 67965
4806 68965
4807 69965
4803 70965
4799 71965
4797 72965
4791 73965
4780 74965
4767 75965
4758 76965
4749 77965
4744 78965
4739 79965
4741 80965
4742 81965
4742 82965
4752 83965
4756 84965
4755 85965
4755 86965
4761 87965
4747 88965
4743 89965
4738 90965
4725 91965
4715 92965
4706 93965
4689 94965
4673 95965
4654 96965
4649 97965
4629 98965
4617 99965
4605 100965
4598 101965
4585 102965
4578 103965
4574 104965
4572 105965
4568 106965
4568 107965
4555 108965
4556 109965
4551 110965
4543 111965
4531 112965
4527 113965
4524 114965
4522 115965
4522 116965
4523 117965
4523 118965
4521 119965
4529 120965
4530 121965
4532 122965
4529 123965
4522 124965
4509 125965
4501 126965
4491 127965
4488 128965
4477 129965
4463 130965
4443 131965
4439 132965
4426 133965
4415 134965
4403 135965
4402 136965
4391 137965
4383 138965
4375 139965
4363 140965
4362 141965
4352 142965
4339 143965
4332 144965
4329 145965
4322 146965
4311 147965
4309 148965
4309 149965
4303 150965
4302 151965
4297 152965
4294 153965
4289 154965
4285 155965
4284 156965
4282 157965
4284 158965
4295 159965
4286 160965
4295 161965
4297 162965
4298 163965
4309 164965
4312 165965
4317 166965
4310 167965
4326 168965
4318 169965
4322 170965
4321 171965
4316 172965
4317 173965
4314 174965
4305 175965
4305 176965
4296 177965
4285 178965
4271 179965
4272 180965
4263 181965
4248 182965
4239 183965
4230 184965
4220 185965
4207 186965
4203 187965
4194 188965
4184 189965
4177 190965
4175 191965
4170 192965
4164 193965
4159 194965
4152 195965
4146 196965
4143 197965
4135 198965
4119 199965
4110 200965
4102 201965
4089 202965
4079 203965
4071 204965
4070 205965
4063 206965
4059 207965
4054 208965
4046 209965
4037 210965
4038 211965
4037 212965
4027 213965
4022 214965
4021 215965
4014 216965
4003 217965
3977 218965
3961 219965
3952 220965
3932 221965
3920 222965
3913 223965
3901 224965
3896 225965
3887 226965
3878 227965
3871 228965
3857 229965
3847 230965
3840 231965
3829 232965
3820 233965
3808 234965
3806 235965
3795 236965
3786 237965
3788 238965
3781 239965
3777 240965
3769 241965
3765 242965
3739 243965
3752 244965
3756 245965
3759 246965
3755 247965
3753 248965
3747 249965
3749 250965
3742 251965
3738 252965
3729 253965
3722 254965
3715 255965
3700 256965
3696 257965
3688 258965
3680 259965
3675 260965
3668 261965
3658 262965
3647 263965
3635 264965
3627 265965
3622 266965
3615 267965
3612 268965
3609 269965
3611 270965
3614 271965
3612 272965
3610 273965
3607 274965
3607 275965
3607 276965
3607 277965
3613 278965
3610 279965
3602 280965
3592 281965
3581 282965
3575 283965
3562 284965
3556 285965
3542 286965
3535 287965
3528 288965
3520 289965
3514 290965
3506 291965
3502 292965
3498 293965
3495 294965
3487 295965
3487 296965
3484 297965
3485 298965
3484 299965
3469 300965
3464 301965
3465 302965
3464 303965
3449 304965
3438 305965
3418 306965
3423 307965
3421 308965
3412 309965
3403 310965
3383 311965
3373 312965
3366 313965
3364 314965
3353 315965
3344 316965
3336 317965
3337 318965
3332 319965
3334 320965
3333 321965
3330 322965
3329 323965
3328 324965
3322 325965
3306 326965
3287 327965
3275 328965
3264 329965
3249 330965
3234 331965
3212 332965
3204 333965
3200 334965
3197 335965
3198 336965
3203 337965
3198 338965
3189 339965
3168 340965
3162 341965
3149 342965
3146 343965
3145 344965
3136 345965
3131 346965
3120 347965
3115 348965
3102 349965
3096 350965
3093 351965
3080 352965
3070 353965
3058 354965
3046 355965
3038 356965
3032 357965
3026 358965
3023 359965
3011 360965
3004 361965
2992 362965
2987 363965
2978 364965
2976 365965
2966 366965
2957 367965
2952 368965
2949 369965
2948 370965
2943 371965
2935 372965
2916 373965
2902 374965
2893 375965
2879 376965
2873 377965
2855 378965
2842 379965
2825 380965
2804 381965
2806 382965
2814 383965
2800 384965
2790 385965
2778 386965
2761 387965
2755 388965
2742 389965
2721 390965
2709 391965
2702 392965
2688 393965
2679 394965
2671 395965
2664 396965
2655 397965
2650 398965
2640 399965
2636 400965
2630 401965
2625 402965
2620 403965
2613 404965
2609 405965
2602 406965
2604 407965
2593 408965
2586 409965
2581 410965
2579 411965
2575 412965
2573 413965
2568 414965
2568 415965
2569 416965
2572 417965
2578 418965
2571 419965
2570 420965
2564 421965
2561 422965
2557 423965
2557 424965
2553 425965
2547 426965
2545 427965
2546 428965
2543 429965
2539 430965
2539 431965
2538 432965
2539 433965
2538 434965
2536 435965
2532 436965
2530 437965
2526 438965
2517 439965
2509 440965
2497 441965
2479 442965
2458 443965
2440 444965
2426 445965
2416 446965
2409 447965
2407 448965
2411 449965
2414 450965
2406 451965
2389 452965
2372 453965
2358 454965
2345 455965
2338 456965
2336 457965
2332 458965
2327 459965
2318 460965
2311 461965
2306 462965
2297 463965
2285 464965
2276 465965
2263 466965
2251 467965
2241 468965
2231 469965
2222 470965
2216 471965
2207 472965
2201 473965
2196 474965
2188 475965
2180 476965
2186 477965
2169 478965
2162 479965
2151 480965
2143 481965
2129 482965
2103 483965
2087 484965
2073 485965
2061 486965
2052 487965
2037 488965
2027 489965
2016 490965
2009 491965
2001 492965
1991 493965
1984 494965
1971 495965
1961 496965
1945 497965
1933 498965
1915 499965
1896 500965
1879 501965
1863 502965
1847 503965
1839 504965
1824 505965
1819 506965
1811 507965
1809 508965
1807 509965
1801 510965
1801 511965
1796 512965
1793 513965
1786 514965
1785 515965
1777 516965
1774 517965
1769 518965
1758 519965
1756 520965
1749 521965
1744 522965
1741 523965
1737 524965
1739 525965
1739 526965
1739 527965
1743 528965
1743 529965
1743 530965
1741 531965
1739 532965
1739 533965
1734 534965
1730 535965
1727 536965
1723 537965
1720 538965
1711 539965
1711 540965
1707 541965
1711 542965
1721 543965
1719 544965
1718 545965
1709 546965
1698 547965
1684 548965
1670 549965
1655 550965
1646 551965
1637 552965
1628 553965
1621 554965
1611 555965
1607 556965
1594 557965
1583 558965
1577 559965
1565 560965
1552 561965
1547 562965
1535 563965
1530 564965
1522 565965
1517 566965
1511 567965
1501 568965
1492 569965
1484 570965
1479 571965
1473 572965
1460 573965
1457 574965
1456 575965
1449 576965
1446 577965
1443 578965
1440 579965
1434 580965
1432 581965
1436 582965
1432 583965
1430 584965
1422 585965
1419 586965
1413 587965
1405 588965
1401 589965
1388 590965
1383 591965
1374 592965
1365 593965
1352 594965
1344 595965
1339 596965
1335 597965
1330 598965
1323 599965
1315 600965
1306 601965
1298 602965
1289 603965
1275 604965
1261 605965
1242 606965
1226 607965
1207 608965
1186 609965
1175 610965
1156 611965
1148 612965
1137 613965
1127 614965
1123 615965
1113 616965
1109 617965
1098 618965
1089 619965
1088 620965
1085 621965
1089 622965
1081 623965
1078 624965
1073 625965
1075 626965
1072 627965
1073 628965
1071 629965
1066 630965
1064 631965
1057 632965
1054 633965
1052 634965
1051 635965
1052 636965
1047 637965
1048 638965
1044 639965
1040 640965
1044 641965
1036 642965
1030 643965
1032 644965
1027 645965
1026 646965
1020 647965
1021 648965
1020 649965
1026 650965
1029 651965
1037 652965
1042 653965
1039 654965
1032 655965
1027 656965
1014 657965
1003 658965
991 659965
