5000 40968
5000 41968
5000 42968
5000 43968
5000 44968
4998 45968
5000 46968
4998 47968
4998 48968
4994 49968
4991 50968
4992 51968
4985 52968
4988 53968
4985 54968
4988 55968
4988 56968
4988 57968
4984 58968
4978 59968
4974 60968
4974 61968
4967 62968
4972 63968
4968 64968
4966 65968
4964 66968
4961 67968
4960 68968
4961 69968
4960 70968
4961 71968
4956 72968
4952 73968
4955 74968
4954 75968
4949 76968
4951 77968
4947 78968
4950 79968
4945 80968
4939 81968
4932 82968
4938 83968
4937 84968
4929 85968
4931 86968
4931 87968
4925 88968
4922 89968
4928 90968
4923 91968
4923 92968
4919 93968
4918 94968
4915 95968
4916 96968
4916 97968
4911 98968
4913 99968
4909 100968
4908 101968
4907 102968
4905 103968
4904 104968
4905 105968
4904 106968
4904 107968
4901 108968
4895 109968
4901 110968
4897 111968
4895 112968
4894 113968
4891 114968
4886 115968
4889 116968
4883 117968
4884 118968
4889 119968
4885 120968
4876 121968
4877 122968
4873 123968
4879 124968
4875 125968
4875 126968
4879 127968
4866 128968
4868 129968
4865 130968
4866 131968
4861 132968
4860 133968
4859 134968
4854 135968
4856 136968
4853 137968
4853 138968
4849 139968
4846 140968
4848 141968
4848 142968
4848 143968
4844 144968
4844 145968
4839 146968
4834 147968
4835 148968
4827 149968
4833 150968
4828 151968
4828 152968
4826 153968
4822 154968
4824 155968
4824 156968
4821 157968
4823 158968
4820 159968
4817 160968
4813 161968
4807 162968
4801 163968
4805 164968
4803 165968
4801 166968
4804 167968
4800 168968
4799 169968
4805 170968
4800 171968
4805 172968
4799 173968
4799 174968
4793 175968
4794 176968
4788 177968
4789 178968
4789 179968
4784 180968
4781 181968
4784 182968
4778 183968
4784 184968
4773 185968
4775 186968
4768 187968
4773 188968
4772 189968
4769 190968
4770 191968
4769 192968
4764 193968
4766 194968
4765 195968
4755 196968
4757 197968
4752 198968
4751 199968
4758 200968
4754 201968
4753 202968
4750 203968
4751 204968
4745 205968
4749 206968
4743 207968
4744 208968
4742 209968
4741 210968
4732 211968
4734 212968
4732 213968
4735 214968
4733 215968
4727 216968
4734 217968
4726 218968
4722 219968
4721 220968
4721 221968
4725 222968
4724 223968
4718 224968
4719 225968
4719 226968
4719 227968
4711 228968
4712 229968
4710 230968
4707 231968
4701 232968
4697 233968
4698 234968
4689 235968
4690 236968
4694 237968
4682 238968
4679 239968
4675 240968
4676 241968
4673 242968
4670 243968
4665 244968
4660 245968
4654 246968
4646 247968
4637 248968
4637 249968
4628 250968
4625 251968
4617 252968
4609 253968
4600 254968
4590 255968
4593 256968
4585 257968
4578 258968
4581 259968
4570 260968
4563 261968
4559 262968
4557 263968
4548 264968
4541 265968
4532 266968
4523 267968
4513 268968
4509 269968
4497 270968
4497 271968
4487 272968
4480 273968
4479 274968
4474 275968
4468 276968
4463 277968
4467 278968
4457 279968
4453 280968
4450 281968
4445 282968
4436 283968
4438 284968
4432 285968
4430 286968
4435 287968
4432 288968
4430 289968
4425 290968
4421 291968
4422 292968
4429 293968
4423 294968
4426 295968
4420 296968
4421 297968
4423 298968
4422 299968
4419 300968
4424 301968
4423 302968
4423 303968
4424 304968
4421 305968
4426 306968
4428 307968
4429 308968
4427 309968
4428 310968
4424 311968
4426 312968
4423 313968
4421 314968
4428 315968
4421 316968
4421 317968
4426 318968
4423 319968
4420 320968
4422 321968
4418 322968
4417 323968
4418 324968
4418 325968
4417 326968
4414 327968
4418 328968
4417 329968
4416 330968
4419 331968
4415 332968
4412 333968
4413 334968
4421 335968
4420 336968
4420 337968
4418 338968
4420 339968
4414 340968
4412 341968
4411 342968
4412 343968
4414 344968
4416 345968
4412 346968
4411 347968
4407 348968
4410 349968
4411 350968
4399 351968
4400 352968
4399 353968
4404 354968
4395 355968
4391 356968
4392 357968
4387 358968
4393 359968
4396 360968
4391 361968
4393 362968
4400 363968
4393 364968
4392 365968
4386 366968
4386 367968
4381 368968
4376 369968
4375 370968
4377 371968
4369 372968
4371 373968
4371 374968
4367 375968
4367 376968
4368 377968
4368 378968
4365 379968
4359 380968
4359 381968
4355 382968
4349 383968
4348 384968
4354 385968
4347 386968
4341 387968
4342 388968
4343 389968
4335 390968
4331 391968
4337 392968
4331 393968
4334 394968
4332 395968
4333 396968
4329 397968
4332 398968
4328 399968
4323 400968
4322 401968
4324 402968
4322 403968
4322 404968
4312 405968
4317 406968
4314 407968
4314 408968
4308 409968
4308 410968
4305 411968
4306 412968
4309 413968
4306 414968
4302 415968
4300 416968
4304 417968
4299 418968
4296 419968
4293 420968
4291 421968
4289 422968
4288 423968
4287 424968
4287 425968
4281 426968
4281 427968
4280 428968
4283 429968
4280 430968
4279 431968
4278 432968
4277 433968
4273 434968
4273 435968
4271 436968
4273 437968
4269 438968
4266 439968
4261 440968
4264 441968
4257 442968
4256 443968
4257 444968
4255 445968
4254 446968
4254 447968
4256 448968
4250 449968
4250 450968
4249 451968
4249 452968
4241 453968
4238 454968
4238 455968
4240 456968
4241 457968
4236 458968
4233 459968
4224 460968
4221 461968
4225 462968
4226 463968
4225 464968
4222 465968
4220 466968
4212 467968
4220 468968
4217 469968
4213 470968
4213 471968
4208 472968
4205 473968
4206 474968
4203 475968
4200 476968
4198 477968
4201 478968
4200 479968
4192 480968
4189 481968
4192 482968
4188 483968
4188 484968
4189 485968
4187 486968
4185 487968
4176 488968
4175 489968
4174 490968
4171 491968
4171 492968
4173 493968
4171 494968
4170 495968
4168 496968
4163 497968
4160 498968
4156 499968
4160 500968
4155 501968
4154 502968
4153 503968
4154 504968
4155 505968
4152 506968
4149 507968
4147 508968
4142 509968
4138 510968
4145 511968
4142 512968
4138 513968
4130 514968
4132 515968
4129 516968
4122 517968
4114 518968
4117 519968
4116 520968
4113 521968
4116 522968
4110 523968
4111 524968
4107 525968
4104 526968
4102 527968
4105 528968
4102 529968
4100 530968
4101 531968
4095 532968
4093 533968
4089 534968
4087 535968
4089 536968
4083 537968
4082 538968
4084 539968
4079 540968
4080 541968
4078 542968
4081 543968
4087 544968
4077 545968
4083 546968
4067 547968
4064 548968
4066 549968
4065 550968
4060 551968
4052 552968
4049 553968
4041 554968
4033 555968
4036 556968
4027 557968
4021 558968
4015 559968
4016 560968
4008 561968
4005 562968
3998 563968
3995 564968
3988 565968
3987 566968
3981 567968
3967 568968
3959 569968
3954 570968
3953 571968
3941 572968
3941 573968
3931 574968
3928 575968
3912 576968
3909 577968
3902 578968
3899 579968
3896 580968
3891 581968
3885 582968
3867 583968
3860 584968
3847 585968
3845 586968
3843 587968
3825 588968
3816 589968
3808 590968
3795 591968
3790 592968
3785 593968
3776 594968
3767 595968
3762 596968
3749 597968
3749 598968
3747 599968
3742 600968
3740 601968
3733 602968
3729 603968
3728 604968
3727 605968
3732 606968
3731 607968
3731 608968
3723 609968
3726 610968
3721 611968
3720 612968
3728 613968
3723 614968
3719 615968
3722 616968
3716 617968
3720 618968
3714 619968
3719 620968
3718 621968
3715 622968
3721 623968
3715 624968
3716 625968
3720 626968
3716 627968
3720 628968
3722 629968
3722 630968
3722 631968
3711 632968
3714 633968
3709 634968
3716 635968
3712 636968
3721 637968
3716 638968
3718 639968
3709 640968
3722 641968
3716 642968
3712 643968
3716 644968
3714 645968
3715 646968
3715 647968
3713 648968
3711 649968
3711 650968
3709 651968
3707 652968
3721 653968
3707 654968
3711 655968
3713 656968
3705 657968
3705 658968
3706 659968
3711 660968
3702 661968
3705 662968
3697 663968
3697 664968
3694 665968
3681 666968
3686 667968
3678 668968
3672 669968
3669 670968
3673 671968
3672 672968
3669 673968
3671 674968
3673 675968
3671 676968
3668 677968
3672 678968
3672 679968
3674 680968
3670 681968
3666 682968
3668 683968
3662 684968
3659 685968
3662 686968
3659 687968
3658 688968
3654 689968
3654 690968
3651 691968
3649 692968
3648 693968
3648 694968
3639 695968
3639 696968
3631 697968
3630 698968
3626 699968
3628 700968
3626 701968
3623 702968
3614 703968
3615 704968
3612 705968
3602 706968
3599 707968
3599 708968
3599 709968
3588 710968
3593 711968
3588 712968
3585 713968
3587 714968
3584 715968
3580 716968
3578 717968
3571 718968
3571 719968
3563 720968
3565 721968
3562 722968
3561 723968
3562 724968
3553 725968
3553 726968
3548 727968
3550 728968
3551 729968
3549 730968
3549 731968
3548 732968
3542 733968
3544 734968
3542 735968
3540 736968
3543 737968
3544 738968
3542 739968
3542 740968
3542 741968
3540 742968
3533 743968
3534 744968
3529 745968
3528 746968
3521 747968
3517 748968
3520 749968
3520 750968
3512 751968
3512 752968
3510 753968
3502 754968
3504 755968
3499 756968
3500 757968
3497 758968
3489 759968
3487 760968
3486 761968
3491 762968
3485 763968
3480 764968
3475 765968
3475 766968
3469 767968
3472 768968
3468 769968
3460 770968
3461 771968
3468 772968
3459 773968
3458 774968
3453 775968
3457 776968
3446 777968
3440 778968
3442 779968
3433 780968
3436 781968
3431 782968
3429 783968
3437 784968
3436 785968
3423 786968
3423 787968
3418 788968
3405 789968
3415 790968
3412 791968
3408 792968
3410 793968
3402 794968
3389 795968
3390 796968
3386 797968
3391 798968
3387 799968
3386 800968
3389 801968
3384 802968
3391 803968
3387 804968
3393 805968
3392 806968
3389 807968
3387 808968
3394 809968
3388 810968
3381 811968
3377 812968
3370 813968
3355 814968
3369 815968
3358 816968
3354 817968
3351 818968
3351 819968
3344 820968
3344 821968
3346 822968
3341 823968
3342 824968
3336 825968
3334 826968
3328 827968
3326 828968
3325 829968
3329 830968
3319 831968
3321 832968
3312 833968
3308 834968
3308 835968
3304 836968
3304 837968
3302 838968
3295 839968
3290 840968
3286 841968
3292 842968
3283 843968
3286 844968
3285 845968
3283 846968
3278 847968
3276 848968
3279 849968
3273 850968
3273 851968
3269 852968
3278 853968
3259 854968
3258 855968
3247 856968
3254 857968
3253 858968
3243 859968
3248 860968
3231 861968
3233 862968
3221 863968
3222 864968
3210 865968
3210 866968
3214 867968
3211 868968
3208 869968
3196 870968
3197 871968
3201 872968
3188 873968
3199 874968
3190 875968
3186 876968
3182 877968
3178 878968
3190 879968
3182 880968
3171 881968
3176 882968
3158 883968
3156 884968
3151 885968
3146 886968
3135 887968
3131 888968
3110 889968
3102 890968
3099 891968
3095 892968
3089 893968
3081 894968
3082 895968
3075 896968
3074 897968
3062 898968
3038 899968
3042 900968
3035 901968
3029 902968
3017 903968
3007 904968
2992 905968
2986 906968
2985 907968
2988 908968
2976 909968
2971 910968
2970 911968
2958 912968
2950 913968
2956 914968
2971 915968
2967 916968
2966 917968
2959 918968
2947 919968
2950 920968
2940 921968
2937 922968
2923 923968
2921 924968
2917 925968
2919 926968
2917 927968
2917 928968
2909 929968
2905 930968
2905 931968
2901 932968
2893 933968
2900 934968
2891 935968
2895 936968
2895 937968
2895 938968
2882 939968
2883 940968
2889 941968
2879 942968
2883 943968
2881 944968
2887 945968
2877 946968
2882 947968
2874 948968
2875 949968
2875 950968
2878 951968
2874 952968
2886 953968
2885 954968
2876 955968
2883 956968
2879 957968
2883 958968
2873 959968
2879 960968
2884 961968
2880 962968
2884 963968
2882 964968
2877 965968
2879 966968
2883 967968
2875 968968
2883 969968
2880 970968
2879 971968
2876 972968
2866 973968
2854 974968
2858 975968
2859 976968
2853 977968
2850 978968
2846 979968
2855 980968
2844 981968
2849 982968
2853 983968
2857 984968
2850 985968
2853 986968
2842 987968
2844 988968
2834 989968
2836 990968
2833 991968
2839 992968
2835 993968
2837 994968
2848 995968
2843 996968
2842 997968
2830 998968
2833 999968
2824 1000968
2832 1001968
2826 1002968
2823 1003968
2827 1004968
2830 1005968
2821 1006968
2821 1007968
2814 1008968
2820 1009968
2807 1010968
2814 1011968
2809 1012968
2796 1013968
2808 1014968
2807 1015968
2793 1016968
2793 1017968
2790 1018968
2785 1019968
2782 1020968
2776 1021968
2763 1022968
2778 1023968
2757 1024968
2766 1025968
2767 1026968
2767 1027968
2749 1028968
2750 1029968
2750 1030968
2741 1031968
2753 1032968
2736 1033968
2727 1034968
2722 1035968
2736 1036968
2734 1037968
2710 1038968
2723 1039968
2709 1040968
2712 1041968
2709 1042968
2710 1043968
2707 1044968
2715 1045968
2709 1046968
2692 1047968
2693 1048968
2685 1049968
2704 1050968
2695 1051968
2687 1052968
2686 1053968
2691 1054968
2672 1055968
2687 1056968
2669 1057968
2657 1058968
2657 1059968
2662 1060968
2652 1061968
2656 1062968
2643 1063968
2661 1064968
2657 1065968
2636 1066968
2654 1067968
2629 1068968
2647 1069968
2617 1070968
2613 1071968
2635 1072968
2635 1073968
2614 1074968
2618 1075968
2628 1076968
2609 1077968
2632 1078968
2623 1079968
2632 1080968
2627 1081968
2623 1082968
2607 1083968
2602 1084968
2619 1085968
2600 1086968
2597 1087968
2591 1088968
2594 1089968
2581 1090968
2600 1091968
2608 1092968
2593 1093968
2595 1094968
2576 1095968
2588 1096968
2607 1097968
2579 1098968
2585 1099968
2588 1100968
2602 1101968
2586 1102968
2571 1103968
2575 1104968
2591 1105968
2585 1106968
2564 1107968
2575 1108968
2575 1109968
2552 1110968
2559 1111968
2539 1112968
2556 1113968
2569 1114968
2552 1115968
2547 1116968
2562 1117968
2537 1118968
2544 1119968
2526 1120968
2531 1121968
2539 1122968
2526 1123968
2533 1124968
2514 1125968
2519 1126968
2520 1127968
2510 1128968
2501 1129968
2509 1130968
2531 1131968
2516 1132968
2484 1133968
2501 1134968
2512 1135968
2484 1136968
2494 1137968
2472 1138968
2468 1139968
2483 1140968
2464 1141968
2461 1142968
2472 1143968
2463 1144968
2453 1145968
2438 1146968
2476 1147968
2471 1148968
2451 1149968
2428 1150968
2424 1151968
2452 1152968
2426 1153968
2452 1154968
2417 1155968
2430 1156968
2416 1157968
2430 1158968
2399 1159968
2440 1160968
2446 1161968
2425 1162968
2415 1163968
2432 1164968
2409 1165968
2411 1166968
2398 1167968
2419 1168968
2384 1169968
2420 1170968
2380 1171968
2416 1172968
2373 1173968
2396 1174968
2396 1175968
2364 1176968
2391 1177968
2350 1178968
2363 1179968
2355 1180968
2351 1181968
2359 1182968
2332 1183968
2350 1184968
2331 1185968
2354 1186968
2369 1187968
2326 1188968
2368 1189968
2323 1190968
2323 1191968
2292 1192968
2277 1193968
2293 1194968
2263 1195968
2282 1196968
2276 1197968
2264 1198968
2247 1199968
2219 1200968
2252 1201968
2258 1202968
2269 1203968
2257 1204968
2264 1205968
2261 1206968
2245 1207968
2208 1208968
2253 1209968
2225 1210968
2193 1211968
2231 1212968
2176 1213968
2195 1214968
2186 1215968
2162 1216968
2185 1217968
2169 1218968
2176 1219968
2170 1220968
2171 1221968
2164 1222968
2156 1223968
2163 1224968
2146 1225968
2163 1226968
2133 1227968
2150 1228968
2118 1229968
2134 1230968
2126 1231968
2126 1232968
2127 1233968
2132 1234968
2129 1235968
2119 1236968
2120 1237968
2101 1238968
2112 1239968
2076 1240968
2108 1241968
2074 1242968
2103 1243968
2033 1244968
2093 1245968
2075 1246968
2067 1247968
2048 1248968
2024 1249968
2027 1250968
2060 1251968
2036 1252968
1993 1253968
2064 1254968
2005 1255968
1986 1256968
2019 1257968
2062 1258968
1998 1259968
1996 1260968
2017 1261968
2049 1262968
2042 1263968
2021 1264968
2018 1265968
2010 1266968
2021 1267968
2038 1268968
2046 1269968
2034 1270968
2023 1271968
1987 1272968
2016 1273968
2003 1274968
2023 1275968
2039 1276968
1993 1277968
2038 1278968
2028 1279968
2034 1280968
2029 1281968
2014 1282968
2020 1283968
2032 1284968
1995 1285968
2007 1286968
1998 1287968
1975 1288968
2038 1289968
1997 1290968
1981 1291968
2041 1292968
2042 1293968
2037 1294968
2037 1295968
2003 1296968
2011 1297968
1991 1298968
2004 1299968
2020 1300968
2024 1301968
1974 1302968
1980 1303968
1987 1304968
1958 1305968
2027 1306968
1960 1307968
2004 1308968
2000 1309968
1961 1310968
1973 1311968
2017 1312968
1978 1313968
1977 1314968
1985 1315968
2006 1316968
1946 1317968
1945 1318968
1943 1319968
1938 1320968
1958 1321968
1962 1322968
1995 1323968
1985 1324968
1987 1325968
1974 1326968
1946 1327968
1944 1328968
1985 1329968
1966 1330968
1981 1331968
1950 1332968
1909 1333968
1923 1334968
1953 1335968
1959 1336968
1930 1337968
1900 1338968
1923 1339968
1955 1340968
1901 1341968
1920 1342968
1913 1343968
1923 1344968
1921 1345968
1887 1346968
1901 1347968
1869 1348968
1863 1349968
1897 1350968
1865 1351968
1864 1352968
1904 1353968
1866 1354968
1894 1355968
1871 1356968
1878 1357968
1844 1358968
1830 1359968
1835 1360968
1823 1361968
1849 1362968
1816 1363968
1846 1364968
1841 1365968
1838 1366968
1826 1367968
1794 1368968
1817 1369968
1791 1370968
1797 1371968
1801 1372968
1800 1373968
1780 1374968
1794 1375968
1798 1376968
1780 1377968
1808 1378968
1810 1379968
1801 1380968
1816 1381968
1799 1382968
1810 1383968
1801 1384968
1810 1385968
1783 1386968
1777 1387968
1784 1388968
1792 1389968
1790 1390968
1785 1391968
1782 1392968
1784 1393968
1777 1394968
1768 1395968
1787 1396968
1767 1397968
1792 1398968
1765 1399968
1773 1400968
1774 1401968
1787 1402968
1779 1403968
1778 1404968
1755 1405968
1784 1406968
1776 1407968
1755 1408968
1772 1409968
1755 1410968
1761 1411968
1758 1412968
1746 1413968
1764 1414968
1776 1415968
1760 1416968
1761 1417968
1756 1418968
1762 1419968
1746 1420968
1747 1421968
1751 1422968
1740 1423968
1745 1424968
1741 1425968
1732 1426968
1736 1427968
1727 1428968
1729 1429968
1720 1430968
1736 1431968
1723 1432968
1731 1433968
1714 1434968
1708 1435968
1711 1436968
1721 1437968
1704 1438968
1722 1439968
1701 1440968
1707 1441968
1703 1442968
1695 1443968
1693 1444968
1698 1445968
1689 1446968
1693 1447968
1678 1448968
1683 1449968
1681 1450968
1674 1451968
1673 1452968
1674 1453968
1689 1454968
1671 1455968
1686 1456968
1669 1457968
1664 1458968
1654 1459968
1655 1460968
1658 1461968
1671 1462968
1658 1463968
1660 1464968
1665 1465968
1650 1466968
1666 1467968
1642 1468968
1635 1469968
1627 1470968
1614 1471968
1616 1472968
1619 1473968
1612 1474968
1602 1475968
1608 1476968
1596 1477968
1598 1478968
1594 1479968
1604 1480968
1594 1481968
1597 1482968
1594 1483968
1595 1484968
1596 1485968
1604 1486968
1594 1487968
1588 1488968
1592 1489968
1591 1490968
1595 1491968
1594 1492968
1588 1493968
1590 1494968
1587 1495968
1588 1496968
1594 1497968
1587 1498968
1588 1499968
1583 1500968
1581 1501968
1581 1502968
1586 1503968
1582 1504968
1581 1505968
1586 1506968
1586 1507968
1589 1508968
1590 1509968
1580 1510968
1579 1511968
1583 1512968
1580 1513968
1586 1514968
1580 1515968
1576 1516968
1576 1517968
1571 1518968
1576 1519968
1571 1520968
1568 1521968
1565 1522968
1558 1523968
1554 1524968
1555 1525968
1554 1526968
1552 1527968
1545 1528968
1543 1529968
1543 1530968
1539 1531968
1542 1532968
1540 1533968
1535 1534968
1528 1535968
1521 1536968
1520 1537968
1520 1538968
1513 1539968
1502 1540968
1503 1541968
1491 1542968
1489 1543968
1477 1544968
1471 1545968
1463 1546968
1459 1547968
1444 1548968
1438 1549968
1428 1550968
1419 1551968
1417 1552968
1415 1553968
1407 1554968
1405 1555968
1397 1556968
1394 1557968
1380 1558968
1374 1559968
1360 1560968
1353 1561968
1344 1562968
1333 1563968
1328 1564968
1325 1565968
1318 1566968
1318 1567968
1314 1568968
1306 1569968
1299 1570968
1297 1571968
1295 1572968
1295 1573968
1286 1574968
1284 1575968
1281 1576968
1280 1577968
1275 1578968
1280 1579968
1274 1580968
1275 1581968
1272 1582968
1270 1583968
1270 1584968
1269 1585968
1272 1586968
1272 1587968
1268 1588968
1267 1589968
1267 1590968
1270 1591968
1263 1592968
1268 1593968
1269 1594968
1266 1595968
1268 1596968
1268 1597968
1270 1598968
1269 1599968
1266 1600968
1270 1601968
1268 1602968
1267 1603968
1272 1604968
1270 1605968
1269 1606968
1266 1607968
1268 1608968
1264 1609968
1267 1610968
1264 1611968
1265 1612968
1268 1613968
1265 1614968
1263 1615968
1264 1616968
1263 1617968
1265 1618968
1265 1619968
1262 1620968
1265 1621968
1258 1622968
1259 1623968
1257 1624968
1260 1625968
1258 1626968
1254 1627968
1250 1628968
1250 1629968
1250 1630968
1250 1631968
1251 1632968
1246 1633968
1247 1634968
1246 1635968
1241 1636968
1239 1637968
1240 1638968
1238 1639968
1237 1640968
1234 1641968
1235 1642968
1234 1643968
1229 1644968
1226 1645968
1232 1646968
1228 1647968
1225 1648968
1226 1649968
1225 1650968
1217 1651968
1220 1652968
1217 1653968
1218 1654968
1212 1655968
1202 1656968
1210 1657968
1214 1658968
1203 1659968
1206 1660968
1203 1661968
1203 1662968
1199 1663968
1197 1664968
1194 1665968
1195 1666968
1189 1667968
1189 1668968
1188 1669968
1180 1670968
1175 1671968
1172 1672968
1172 1673968
1166 1674968
1168 1675968
1160 1676968
1163 1677968
1161 1678968
1156 1679968
1152 1680968
1148 1681968
1154 1682968
1148 1683968
1141 1684968
1139 1685968
1142 1686968
1142 1687968
1141 1688968
1139 1689968
1137 1690968
1138 1691968
1136 1692968
1128 1693968
1128 1694968
1124 1695968
1126 1696968
1126 1697968
1122 1698968
1120 1699968
1118 1700968
1117 1701968
1115 1702968
1115 1703968
1112 1704968
1110 1705968
1109 1706968
1105 1707968
1106 1708968
1105 1709968
1104 1710968
1100 1711968
1100 1712968
1098 1713968
1095 1714968
1096 1715968
1093 1716968
1093 1717968
1094 1718968
1086 1719968
1089 1720968
1086 1721968
1089 1722968
1089 1723968
1088 1724968
1091 1725968
1084 1726968
1086 1727968
1083 1728968
1083 1729968
1082 1730968
1085 1731968
1089 1732968
1084 1733968
1081 1734968
1078 1735968
1078 1736968
1080 1737968
1084 1738968
1082 1739968
1084 1740968
1078 1741968
1073 1742968
1074 1743968
1073 1744968
1069 1745968
1065 1746968
1067 1747968
1067 1748968
1063 1749968
1060 1750968
1062 1751968
1061 1752968
1060 1753968
1057 1754968
1056 1755968
1055 1756968
1052 1757968
1052 1758968
1050 1759968
1047 1760968
1046 1761968
1044 1762968
1045 1763968
1043 1764968
1043 1765968
1038 1766968
1036 1767968
1034 1768968
1032 1769968
1032 1770968
1027 1771968
1026 1772968
1027 1773968
1019 1774968
1014 1775968
1011 1776968
1008 1777968
1007 1778968
1009 1779968
1008 1780968
1006 1781968
1005 1782968
1003 1783968
1001 1784968
997 1785968
