5000 6990
5000 7990
5000 8990
5000 9990
5000 10990
5000 11990
4992 12990
4988 13990
4974 14990
4979 15990
4972 16990
4971 17990
4968 18990
4966 19990
4962 20990
4953 21990
4946 22990
4943 23990
4938 24990
4927 25990
4926 26990
4921 27990
4915 28990
4914 29990
4913 30990
4913 31990
4912 32990
4912 33990
4907 34990
4907 35990
4898 36990
4902 37990
4904 38990
4906 39990
4907 40990
4903 41990
4898 42990
4893 43990
4902 44990
4894 45990
4889 46990
4888 47990
4879 48990
4884 49990
4881 50990
4874 51990
4878 52990
4876 53990
4872 54990
4874 55990
4868 56990
4867 57990
4865 58990
4860 59990
4856 60990
4847 61990
4841 62990
4835 63990
4824 64990
4820 65990
4816 66990
4815 67990
4811 68990
4807 69990
4807 70990
4805 71990
4798 72990
4795 73990
4791 74990
4790 75990
4794 76990
4794 77990
4788 78990
4783 79990
4784 80990
4780 81990
4778 82990
4772 83990
4770 84990
4767 85990
4756 86990
4751 87990
4755 88990
4740 89990
4742 90990
4736 91990
4734 92990
4722 93990
4720 94990
4703 95990
4698 96990
4688 97990
4686 98990
4680 99990
4672 100990
4670 101990
4655 102990
4645 103990
4638 104990
4629 105990
4620 106990
4621 107990
4611 108990
4613 109990
4611 110990
4602 111990
4590 112990
4581 113990
4571 114990
4561 115990
4557 116990
4556 117990
4560 118990
4549 119990
4545 120990
4540 121990
4535 122990
4525 123990
4520 124990
4513 125990
4504 126990
4500 127990
4500 128990
4487 129990
4484 130990
4476 131990
4473 132990
4469 133990
4461 134990
4463 135990
4452 136990
4444 137990
4435 138990
4434 139990
4429 140990
4422 141990
4418 142990
4415 143990
4411 144990
4413 145990
4421 146990
4415 147990
4412 148990
4416 149990
4414 150990
4414 151990
4414 152990
4411 153990
4409 154990
4409 155990
4405 156990
4409 157990
4404 158990
4394 159990
4388 160990
4377 161990
4375 162990
4367 163990
4357 164990
4340 165990
4334 166990
4330 167990
4331 168990
4321 169990
4317 170990
4316 171990
4309 172990
4296 173990
4293 174990
4291 175990
4280 176990
4271 177990
4269 178990
4262 179990
4256 180990
4253 181990
4253 182990
4251 183990
4251 184990
4249 185990
4248 186990
4235 187990
4234 188990
4235 189990
4232 190990
4228 191990
4223 192990
4222 193990
4215 194990
4210 195990
4202 196990
4196 197990
4191 198990
4184 199990
4186 200990
4178 201990
4173 202990
4160 203990
4144 204990
4134 205990
4126 206990
4122 207990
4115 208990
4099 209990
4096 210990
4089 211990
4083 212990
4073 213990
4074 214990
4062 215990
4048 216990
4042 217990
4034 218990
4030 219990
4022 220990
4017 221990
4006 222990
3993 223990
3983 224990
3973 225990
3962 226990
3944 227990
3930 228990
3908 229990
3901 230990
3896 231990
3880 232990
3862 233990
3847 234990
3842 235990
3845 236990
3838 237990
3830 238990
3818 239990
3814 240990
3808 241990
3806 242990
3798 243990
3797 244990
3790 245990
3792 246990
3791 247990
3796 248990
3792 249990
3795 250990
3797 251990
3798 252990
3795 253990
3791 254990
3785 255990
3785 256990
3780 257990
3778 258990
3778 259990
3772 260990
3776 261990
3773 262990
3772 263990
3775 264990
3768 265990
3766 266990
3764 267990
3760 268990
3756 269990
3749 270990
3740 271990
3728 272990
3714 273990
3708 274990
3697 275990
3684 276990
3673 277990
3656 278990
3646 279990
3627 280990
3613 281990
3602 282990
3595 283990
3585 284990
3582 285990
3576 286990
3574 287990
3567 288990
3565 289990
3557 290990
3558 291990
3564 292990
3556 293990
3552 294990
3552 295990
3536 296990
3523 297990
3515 298990
3501 299990
3486 300990
3470 301990
3469 302990
3468 303990
3462 304990
3451 305990
3445 306990
3446 307990
3439 308990
3434 309990
3428 310990
3424 311990
3412 312990
3408 313990
3397 314990
3393 315990
3384 316990
3361 317990
3352 318990
3341 319990
3331 320990
3313 321990
3303 322990
3292 323990
3287 324990
3280 325990
3276 326990
3262 327990
3257 328990
3250 329990
3240 330990
3232 331990
3221 332990
3222 333990
3216 334990
3207 335990
3199 336990
3185 337990
3175 338990
3166 339990
3157 340990
3147 341990
3141 342990
3141 343990
3131 344990
3122 345990
3116 346990
3099 347990
3087 348990
3077 349990
3069 350990
3071 351990
3062 352990
3057 353990
3052 354990
3042 355990
3039 356990
3032 357990
3027 358990
3021 359990
3016 360990
3016 361990
3013 362990
3004 363990
3003 364990
2995 365990
2997 366990
3001 367990
3000 368990
2999 369990
2995 370990
2997 371990
2997 372990
2995 373990
2994 374990
2993 375990
2986 376990
2981 377990
2963 378990
2955 379990
2946 380990
2940 381990
2942 382990
2935 383990
2922 384990
2910 385990
2901 386990
2883 387990
2869 388990
2858 389990
2844 390990
2834 391990
2830 392990
2816 393990
2803 394990
2797 395990
2792 396990
2793 397990
2793 398990
2792 399990
2786 400990
2779 401990
2766 402990
2751 403990
2742 404990
2730 405990
2716 406990
2701 407990
2687 408990
2674 409990
2663 410990
2648 411990
2643 412990
2639 413990
2638 414990
2625 415990
2607 416990
2571 417990
2560 418990
2548 419990
2542 420990
2545 421990
2542 422990
2533 423990
2537 424990
2546 425990
2529 426990
2519 427990
2514 428990
2500 429990
2485 430990
2467 431990
2453 432990
2442 433990
2439 434990
2437 435990
2437 436990
2433 437990
2428 438990
2427 439990
2418 440990
2414 441990
2400 442990
2390 443990
2379 444990
2367 445990
2352 446990
2335 447990
2312 448990
2305 449990
2297 450990
2288 451990
2267 452990
2261 453990
2272 454990
2264 455990
2249 456990
2236 457990
2232 458990
2230 459990
2221 460990
2219 461990
2215 462990
2211 463990
2211 464990
2205 465990
2206 466990
2204 467990
2202 468990
2200 469990
2196 470990
2195 471990
2199 472990
2185 473990
2196 474990
2196 475990
2192 476990
2188 477990
2184 478990
2174 479990
2173 480990
2178 481990
2173 482990
2162 483990
2152 484990
2145 485990
2143 486990
2133 487990
2120 488990
2114 489990
2117 490990
2103 491990
2089 492990
2100 493990
2102 494990
2079 495990
2068 496990
2057 497990
2051 498990
2059 499990
2047 500990
2042 501990
2032 502990
2021 503990
2018 504990
2006 505990
2001 506990
2015 507990
2018 508990
2018 509990
2018 510990
2013 511990
2009 512990
1994 513990
1985 514990
1974 515990
1950 516990
1948 517990
1936 518990
1928 519990
1918 520990
1910 521990
1892 522990
1894 523990
1895 524990
1876 525990
1855 526990
1836 527990
1827 528990
1809 529990
1795 530990
1793 531990
1781 532990
1769 533990
1749 534990
1732 535990
1715 536990
1710 537990
1709 538990
1702 539990
1692 540990
1679 541990
1666 542990
1650 543990
1642 544990
1629 545990
1614 546990
1608 547990
1606 548990
1600 549990
1603 550990
1589 551990
1590 552990
1581 553990
1576 554990
1565 555990
1563 556990
1555 557990
1551 558990
1548 559990
1544 560990
1538 561990
1530 562990
1524 563990
1520 564990
1516 565990
1509 566990
1504 567990
1502 568990
1500 569990
1494 570990
1489 571990
1486 572990
1485 573990
1481 574990
1477 575990
1472 576990
1465 577990
1458 578990
1457 579990
1455 580990
1454 581990
1449 582990
1447 583990
1449 584990
1446 585990
1445 586990
1445 587990
1445 588990
1441 589990
1438 590990
1433 591990
1430 592990
1422 593990
1414 594990
1411 595990
1405 596990
1402 597990
1398 598990
1392 599990
1375 600990
1358 601990
1346 602990
1333 603990
1318 604990
1306 605990
1297 606990
1289 607990
1282 608990
1278 609990
1277 610990
1272 611990
1267 612990
1265 613990
1264 614990
1261 615990
1256 616990
1245 617990
1237 618990
1228 619990
1220 620990
1216 621990
1213 622990
1209 623990
1205 624990
1202 625990
1197 626990
1191 627990
1185 628990
1179 629990
1170 630990
1161 631990
1157 632990
1149 633990
1141 634990
1126 635990
1117 636990
1111 637990
1099 638990
1097 639990
1089 640990
1079 641990
1072 642990
1063 643990
1058 644990
1052 645990
1045 646990
1037 647990
1030 648990
1018 649990
1006 650990
986 651990
