4611 -184000
4597 -183000
4596 -182000
4597 -181000
4598 -180000
4592 -179000
4597 -178000
4589 -177000
4589 -176000
4587 -175000
4592 -174000
4590 -173000
4579 -172000
4584 -171000
4587 -170000
4593 -169000
4586 -168000
4584 -167000
4585 -166000
4580 -165000
4581 -164000
4582 -163000
4582 -162000
4580 -161000
4581 -160000
4586 -159000
4597 -158000
4609 -157000
4608 -156000
4628 -155000
4634 -154000
4617 -153000
4616 -152000
4617 -151000
4612 -150000
4595 -149000
4624 -148000
4623 -147000
4632 -146000
4628 -145000
4623 -144000
4621 -143000
4596 -142000
4592 -141000
4591 -140000
4585 -139000
4579 -138000
4569 -137000
4560 -136000
4547 -135000
4548 -134000
4532 -133000
4502 -132000
4512 -131000
4498 -130000
4497 -129000
4483 -128000
4468 -127000
4465 -126000
4443 -125000
4451 -124000
4438 -123000
4413 -122000
4408 -121000
4403 -120000
4396 -119000
4383 -118000
4380 -117000
4362 -116000
4356 -115000
4346 -114000
4336 -113000
4329 -112000
4322 -111000
4304 -110000
4291 -109000
4282 -108000
4282 -107000
4277 -106000
4253 -105000
4242 -104000
4242 -103000
4209 -102000
4205 -101000
4209 -100000
4194 -99000
4186 -98000
4178 -97000
4173 -96000
4168 -95000
4153 -94000
4151 -93000
4134 -92000
4139 -91000
4113 -90000
4112 -89000
4097 -88000
4083 -87000
4073 -86000
4068 -85000
4057 -84000
4039 -83000
4031 -82000
3976 -81000
3971 -80000
3963 -79000
3959 -78000
3961 -77000
3952 -76000
3942 -75000
3943 -74000
3940 -73000
3919 -72000
3923 -71000
3917 -70000
3876 -69000
3862 -68000
3857 -67000
3843 -66000
3830 -65000
3802 -64000
3787 -63000
3792 -62000
3759 -61000
3753 -60000
3748 -59000
3741 -58000
3719 -57000
3711 -56000
3715 -55000
3704 -54000
3694 -53000
3690 -52000
3684 -51000
3682 -50000
3677 -49000
3674 -48000
3635 -47000
3634 -46000
3624 -45000
3621 -44000
3603 -43000
3599 -42000
3592 -41000
3559 -40000
3566 -39000
3555 -38000
3548 -37000
3542 -36000
3533 -35000
3528 -34000
3513 -33000
3510 -32000
3498 -31000
3486 -30000
3481 -29000
3474 -28000
3469 -27000
3460 -26000
3462 -25000
3447 -24000
3440 -23000
3431 -22000
3433 -21000
3426 -20000
3416 -19000
3408 -18000
3393 -17000
3379 -16000
3371 -15000
3364 -14000
3358 -13000
3340 -12000
3332 -11000
3321 -10000
3318 -9000
3310 -8000
3299 -7000
3277 -6000
3269 -5000
3260 -4000
3242 -3000
3245 -2000
3228 -1000
3203 0
3207 1000
3186 2000
3175 3000
3136 4000
3117 5000
3096 6000
3081 7000
3098 8000
3093 9000
3083 10000
3065 11000
3055 12000
3053 13000
3047 14000
3040 15000
3028 16000
3016 17000
3019 18000
3015 19000
2982 20000
2981 21000
2980 22000
2964 23000
2955 24000
2935 25000
2928 26000
2919 27000
2905 28000
2909 29000
2885 30000
2872 31000
2860 32000
2840 33000
2837 34000
2828 35000
2804 36000
2798 37000
2784 38000
2780 39000
2760 40000
2760 41000
2742 42000
2723 43000
2714 44000
2710 45000
2690 46000
2679 47000
2673 48000
2665 49000
2649 50000
2633 51000
2629 52000
2610 53000
2602 54000
2592 55000
2575 56000
2569 57000
2545 58000
2530 59000
2521 60000
2503 61000
2494 62000
2480 63000
2461 64000
2445 65000
2429 66000
2423 67000
2410 68000
2409 69000
2394 70000
2383 71000
2372 72000
2356 73000
2343 74000
2334 75000
2317 76000
2305 77000
2300 78000
2284 79000
2272 80000
2258 81000
2242 82000
2227 83000
2229 84000
2209 85000
2197 86000
2183 87000
2165 88000
2158 89000
2145 90000
2133 91000
2122 92000
2112 93000
2096 94000
2088 95000
2071 96000
2058 97000
2046 98000
2038 99000
2022 100000
2008 101000
1996 102000
1984 103000
1970 104000
1956 105000
1950 106000
1932 107000
1924 108000
1903 109000
1893 110000
1886 111000
1873 112000
1856 113000
1851 114000
1845 115000
1839 116000
1806 117000
1787 118000
1779 119000
1765 120000
1754 121000
1744 122000
1736 123000
1735 124000
1728 125000
1714 126000
1688 127000
1679 128000
1661 129000
1646 130000
1646 131000
1639 132000
1631 133000
1615 134000
1602 135000
1586 136000
1574 137000
1563 138000
1554 139000
1532 140000
1522 141000
1515 142000
1498 143000
1496 144000
1482 145000
1473 146000
1456 147000
1439 148000
1427 149000
1417 150000
1404 151000
1397 152000
1387 153000
1376 154000
1368 155000
1353 156000
1342 157000
1339 158000
1330 159000
1322 160000
1314 161000
1300 162000
1284 163000
1284 164000
1268 165000
1263 166000
1255 167000
1249 168000
1231 169000
1217 170000
1217 171000
1206 172000
1198 173000
1183 174000
1178 175000
1163 176000
1154 177000
1139 178000
1133 179000
1131 180000
1114 181000
1105 182000
1101 183000
1088 184000
1081 185000
1071 186000
1057 187000
1053 188000
1040 189000
1034 190000
1026 191000
1018 192000
1005 193000
996 194000
