4991 9991
4989 10991
4976 11991
4989 12991
4979 13991
4984 14991
4976 15991
4970 16991
4966 17991
4966 18991
4955 19991
4955 20991
4948 21991
4940 22991
4937 23991
4939 24991
4937 25991
4935 26991
4937 27991
4932 28991
4922 29991
4916 30991
4914 31991
4914 32991
4910 33991
4901 34991
4894 35991
4878 36991
4871 37991
4860 38991
4856 39991
4842 40991
4830 41991
4833 42991
4834 43991
4820 44991
4821 45991
4800 46991
4791 47991
4784 48991
4787 49991
4784 50991
4782 51991
4774 52991
4760 53991
4751 54991
4761 55991
4751 56991
4751 57991
4722 58991
4737 59991
4727 60991
4697 61991
4702 62991
4693 63991
4694 64991
4695 65991
4698 66991
4699 67991
4686 68991
4682 69991
4683 70991
4686 71991
4682 72991
4678 73991
4680 74991
4675 75991
4680 76991
4679 77991
4683 78991
4675 79991
4687 80991
4675 81991
4685 82991
4674 83991
4669 84991
4647 85991
4651 86991
4642 87991
4634 88991
4644 89991
4627 90991
4632 91991
4621 92991
4625 93991
4610 94991
4605 95991
4607 96991
4600 97991
4592 98991
4594 99991
4577 100991
4566 101991
4564 102991
4555 103991
4554 104991
4545 105991
4541 106991
4525 107991
4526 108991
4519 109991
4500 110991
4510 111991
4500 112991
4481 113991
4467 114991
4456 115991
4451 116991
4452 117991
4440 118991
4433 119991
4422 120991
4431 121991
4416 122991
4424 123991
4421 124991
4398 125991
4401 126991
4388 127991
4396 128991
4374 129991
4386 130991
4370 131991
4359 132991
4358 133991
4347 134991
4350 135991
4351 136991
4350 137991
4355 138991
4341 139991
4336 140991
4321 141991
4318 142991
4320 143991
4314 144991
4296 145991
4297 146991
4291 147991
4302 148991
4284 149991
4290 150991
4297 151991
4261 152991
4254 153991
4252 154991
4250 155991
4232 156991
4260 157991
4224 158991
4226 159991
4247 160991
4241 161991
4249 162991
4245 163991
4234 164991
4229 165991
4255 166991
4244 167991
4220 168991
4231 169991
4210 170991
4211 171991
4209 172991
4192 173991
4189 174991
4196 175991
4185 176991
4181 177991
4175 178991
4174 179991
4162 180991
4164 181991
4139 182991
4146 183991
4131 184991
4156 185991
4118 186991
4123 187991
4125 188991
4137 189991
4135 190991
4131 191991
4136 192991
4120 193991
4121 194991
4108 195991
4095 196991
4094 197991
4081 198991
4080 199991
4091 200991
4096 201991
4077 202991
4058 203991
4053 204991
4040 205991
4043 206991
4027 207991
4028 208991
4040 209991
4028 210991
4037 211991
4019 212991
3993 213991
3993 214991
4002 215991
4006 216991
3959 217991
3955 218991
3950 219991
3977 220991
3966 221991
3967 222991
3946 223991
3890 224991
3926 225991
3872 226991
3866 227991
3862 228991
3847 229991
3870 230991
3864 231991
3848 232991
3836 233991
3827 234991
3827 235991
3815 236991
3790 237991
3800 238991
3791 239991
3762 240991
3775 241991
3759 242991
3761 243991
3750 244991
3713 245991
3702 246991
3684 247991
3709 248991
3688 249991
3653 250991
3677 251991
3663 252991
3653 253991
3653 254991
3649 255991
3645 256991
3641 257991
3634 258991
3632 259991
3595 260991
3621 261991
3611 262991
3618 263991
3589 264991
3607 265991
3588 266991
3581 267991
3586 268991
3561 269991
3526 270991
3490 271991
3511 272991
3516 273991
3475 274991
3486 275991
3522 276991
3469 277991
3457 278991
3466 279991
3480 280991
3457 281991
3410 282991
3432 283991
3456 284991
3454 285991
3434 286991
3451 287991
3411 288991
3421 289991
3385 290991
3402 291991
3385 292991
3366 293991
3389 294991
3367 295991
3397 296991
3403 297991
3389 298991
3357 299991
3394 300991
3355 301991
3351 302991
3375 303991
3370 304991
3354 305991
3360 306991
3354 307991
3345 308991
3323 309991
3353 310991
3318 311991
3331 312991
3326 313991
3324 314991
3322 315991
3286 316991
3279 317991
3293 318991
3297 319991
3290 320991
3290 321991
3269 322991
3279 323991
3266 324991
3249 325991
3232 326991
3233 327991
3231 328991
3222 329991
3225 330991
3221 331991
3199 332991
3180 333991
3168 334991
3152 335991
3139 336991
3101 337991
3084 338991
3068 339991
3054 340991
3055 341991
3048 342991
3033 343991
3034 344991
3020 345991
2997 346991
3004 347991
2991 348991
2972 349991
2960 350991
2937 351991
2938 352991
2921 353991
2913 354991
2892 355991
2892 356991
2882 357991
2872 358991
2863 359991
2850 360991
2835 361991
2834 362991
2817 363991
2809 364991
2804 365991
2791 366991
2782 367991
2781 368991
2778 369991
2777 370991
2767 371991
2756 372991
2763 373991
2759 374991
2760 375991
2748 376991
2730 377991
2720 378991
2708 379991
2701 380991
2698 381991
2692 382991
2686 383991
2684 384991
2674 385991
2673 386991
2665 387991
2670 388991
2663 389991
2657 390991
2650 391991
2643 392991
2643 393991
2635 394991
2635 395991
2634 396991
2621 397991
2615 398991
2609 399991
2603 400991
2587 401991
2572 402991
2570 403991
2575 404991
2570 405991
2563 406991
2557 407991
2553 408991
2543 409991
2529 410991
2519 411991
2512 412991
2507 413991
2497 414991
2493 415991
2490 416991
2477 417991
2469 418991
2453 419991
2446 420991
2442 421991
2441 422991
2433 423991
2430 424991
2423 425991
2416 426991
2413 427991
2403 428991
2401 429991
2415 430991
2423 431991
2412 432991
2409 433991
2402 434991
2400 435991
2396 436991
2392 437991
2368 438991
2364 439991
2351 440991
2338 441991
2328 442991
2320 443991
2308 444991
2296 445991
2281 446991
2273 447991
2263 448991
2251 449991
2236 450991
2220 451991
2208 452991
2201 453991
2183 454991
2172 455991
2162 456991
2153 457991
2139 458991
2131 459991
2119 460991
2105 461991
2096 462991
2083 463991
2073 464991
2061 465991
2052 466991
2040 467991
2033 468991
2023 469991
2014 470991
2004 471991
2003 472991
1994 473991
1990 474991
1983 475991
1977 476991
1973 477991
1965 478991
1960 479991
1950 480991
1942 481991
1935 482991
1932 483991
1929 484991
1923 485991
1917 486991
1908 487991
1904 488991
1889 489991
1884 490991
1881 491991
1877 492991
1879 493991
1877 494991
1868 495991
1859 496991
1848 497991
1841 498991
1833 499991
1826 500991
1819 501991
1814 502991
1810 503991
1799 504991
1793 505991
1790 506991
1790 507991
1773 508991
1766 509991
1763 510991
1766 511991
1769 512991
1771 513991
1772 514991
1766 515991
1761 516991
1747 517991
1739 518991
1731 519991
1725 520991
1719 521991
1713 522991
1706 523991
1698 524991
1690 525991
1683 526991
1686 527991
1670 528991
1663 529991
1656 530991
1650 531991
1645 532991
1638 533991
1634 534991
1626 535991
1625 536991
1631 537991
1637 538991
1637 539991
1635 540991
1631 541991
1625 542991
1620 543991
1612 544991
1603 545991
1594 546991
1582 547991
1572 548991
1561 549991
1549 550991
1542 551991
1531 552991
1517 553991
1510 554991
1497 555991
1483 556991
1467 557991
1455 558991
1439 559991
1425 560991
1412 561991
1399 562991
1386 563991
1377 564991
1367 565991
1364 566991
1358 567991
1351 568991
1339 569991
1328 570991
1322 571991
1311 572991
1300 573991
1294 574991
1289 575991
1283 576991
1276 577991
1267 578991
1264 579991
1258 580991
1251 581991
1244 582991
1241 583991
1233 584991
1229 585991
1222 586991
1218 587991
1207 588991
1208 589991
1205 590991
1200 591991
1199 592991
1196 593991
1197 594991
1189 595991
1181 596991
1177 597991
1176 598991
1171 599991
1164 600991
1158 601991
1156 602991
1148 603991
1146 604991
1140 605991
1139 606991
1146 607991
1146 608991
1132 609991
1121 610991
1120 611991
1117 612991
1112 613991
1105 614991
1100 615991
1098 616991
1095 617991
1092 618991
1089 619991
1086 620991
1080 621991
1074 622991
1063 623991
1055 624991
1045 625991
1037 626991
1032 627991
1027 628991
1019 629991
1015 630991
1008 631991
1004 632991
1000 633991
997 634991
