5000 -8049
5000 -7049
5000 -6049
5000 -5049
5000 -4049
5000 -3049
5000 -2049
5000 -1049
5000 -49
5000 951
5000 1951
5000 2951
5000 3951
5000 4951
5000 5951
5000 6951
5000 7951
4999 8951
4980 9951
4967 10951
4960 11951
4963 12951
4964 13951
4969 14951
4966 15951
4958 16951
4959 17951
4949 18951
4945 19951
4943 20951
4930 21951
4919 22951
4913 23951
4920 24951
4913 25951
4902 26951
4900 27951
4882 28951
4867 29951
4864 30951
4857 31951
4838 32951
4834 33951
4825 34951
4819 35951
4809 36951
4808 37951
4809 38951
4821 39951
4820 40951
4819 41951
4821 42951
4807 43951
4803 44951
4809 45951
4811 46951
4808 47951
4802 48951
4801 49951
4798 50951
4804 51951
4795 52951
4788 53951
4782 54951
4780 55951
4775 56951
4767 57951
4761 58951
4761 59951
4750 60951
4741 61951
4747 62951
4739 63951
4750 64951
4737 65951
4748 66951
4743 67951
4740 68951
4734 69951
4736 70951
4743 71951
4744 72951
4748 73951
4744 74951
4742 75951
4737 76951
4735 77951
4728 78951
4731 79951
4730 80951
4710 81951
4686 82951
4683 83951
4667 84951
4659 85951
4657 86951
4664 87951
4669 88951
4656 89951
4650 90951
4647 91951
4627 92951
4622 93951
4598 94951
4587 95951
4562 96951
4551 97951
4543 98951
4542 99951
4530 100951
4522 101951
4508 102951
4511 103951
4510 104951
4535 105951
4517 106951
4515 107951
4502 108951
4507 109951
4506 110951
4492 111951
4486 112951
4475 113951
4469 114951
4451 115951
4443 116951
4432 117951
4421 118951
4424 119951
4416 120951
4422 121951
4412 122951
4405 123951
4396 124951
4385 125951
4366 126951
4341 127951
4325 128951
4323 129951
4319 130951
4304 131951
4285 132951
4272 133951
4273 134951
4244 135951
4231 136951
4219 137951
4200 138951
4199 139951
4191 140951
4184 141951
4181 142951
4181 143951
4178 144951
4180 145951
4177 146951
4174 147951
4181 148951
4183 149951
4177 150951
4178 151951
4181 152951
4179 153951
4194 154951
4190 155951
4194 156951
4191 157951
4197 158951
4190 159951
4180 160951
4179 161951
4162 162951
4157 163951
4160 164951
4149 165951
4153 166951
4167 167951
4166 168951
4162 169951
4162 170951
4170 171951
4168 172951
4169 173951
4164 174951
4166 175951
4161 176951
4162 177951
4161 178951
4161 179951
4160 180951
4161 181951
4158 182951
4155 183951
4150 184951
4137 185951
4131 186951
4121 187951
4100 188951
4082 189951
4062 190951
4046 191951
4037 192951
4040 193951
4033 194951
4032 195951
4023 196951
4024 197951
4021 198951
4001 199951
3985 200951
3969 201951
3953 202951
3925 203951
3910 204951
3884 205951
3887 206951
3876 207951
3875 208951
3873 209951
3869 210951
3849 211951
3838 212951
3821 213951
3795 214951
3784 215951
3771 216951
3767 217951
3754 218951
3747 219951
3725 220951
3704 221951
3688 222951
3677 223951
3667 224951
3654 225951
3645 226951
3617 227951
3608 228951
3606 229951
3584 230951
3552 231951
3541 232951
3521 233951
3527 234951
3524 235951
3522 236951
3523 237951
3527 238951
3517 239951
3527 240951
3516 241951
3527 242951
3518 243951
3516 244951
3501 245951
3500 246951
3497 247951
3494 248951
3471 249951
3455 250951
3460 251951
3441 252951
3434 253951
3429 254951
3407 255951
3410 256951
3409 257951
3405 258951
3387 259951
3397 260951
3402 261951
3388 262951
3387 263951
3398 264951
3390 265951
3386 266951
3394 267951
3401 268951
3387 269951
3388 270951
3391 271951
3383 272951
3391 273951
3392 274951
3393 275951
3397 276951
3410 277951
3414 278951
3413 279951
3412 280951
3408 281951
3403 282951
3402 283951
3407 284951
3403 285951
3408 286951
3408 287951
3417 288951
3422 289951
3416 290951
3411 291951
3402 292951
3385 293951
3378 294951
3375 295951
3366 296951
3359 297951
3340 298951
3334 299951
3295 300951
3296 301951
3274 302951
3285 303951
3277 304951
3271 305951
3265 306951
3254 307951
3236 308951
3211 309951
3202 310951
3178 311951
3157 312951
3163 313951
3146 314951
3110 315951
3111 316951
3077 317951
3044 318951
3018 319951
2978 320951
2960 321951
2918 322951
2895 323951
2877 324951
2856 325951
2825 326951
2802 327951
2817 328951
2795 329951
2803 330951
2771 331951
2756 332951
2766 333951
2731 334951
2726 335951
2763 336951
2748 337951
2747 338951
2734 339951
2754 340951
2754 341951
2749 342951
2709 343951
2707 344951
2729 345951
2705 346951
2718 347951
2711 348951
2689 349951
2705 350951
2654 351951
2676 352951
2676 353951
2634 354951
2652 355951
2618 356951
2610 357951
2616 358951
2628 359951
2669 360951
2631 361951
2668 362951
2647 363951
2663 364951
2667 365951
2678 366951
2678 367951
2653 368951
2671 369951
2645 370951
2637 371951
2624 372951
2620 373951
2635 374951
2621 375951
2636 376951
2631 377951
2571 378951
2574 379951
2574 380951
2585 381951
2534 382951
2537 383951
2586 384951
2553 385951
2525 386951
2548 387951
2587 388951
2552 389951
2564 390951
2523 391951
2536 392951
2563 393951
2527 394951
2514 395951
2552 396951
2565 397951
2553 398951
2558 399951
2493 400951
2518 401951
2476 402951
2442 403951
2456 404951
2475 405951
2491 406951
2444 407951
2465 408951
2403 409951
2467 410951
2413 411951
2387 412951
2422 413951
2380 414951
2416 415951
2381 416951
2355 417951
2374 418951
2351 419951
2361 420951
2333 421951
2329 422951
2302 423951
2268 424951
2200 425951
2185 426951
2193 427951
2139 428951
2173 429951
2119 430951
2117 431951
2085 432951
2056 433951
2074 434951
2043 435951
2033 436951
2025 437951
2037 438951
2021 439951
2010 440951
2018 441951
1994 442951
1986 443951
1974 444951
1972 445951
1993 446951
1974 447951
1956 448951
1994 449951
1982 450951
1969 451951
1934 452951
1933 453951
1915 454951
1914 455951
1899 456951
1882 457951
1869 458951
1867 459951
1855 460951
1855 461951
1842 462951
1851 463951
1845 464951
1839 465951
1830 466951
1839 467951
1847 468951
1857 469951
1860 470951
1857 471951
1876 472951
1866 473951
1869 474951
1862 475951
1859 476951
1863 477951
1845 478951
1853 479951
1835 480951
1837 481951
1832 482951
1843 483951
1825 484951
1831 485951
1820 486951
1801 487951
1801 488951
1800 489951
1781 490951
1778 491951
1774 492951
1770 493951
1774 494951
1776 495951
1769 496951
1766 497951
1769 498951
1769 499951
1753 500951
1759 501951
1763 502951
1753 503951
1752 504951
1755 505951
1760 506951
1752 507951
1750 508951
1751 509951
1754 510951
1734 511951
1736 512951
1729 513951
1708 514951
1686 515951
1664 516951
1649 517951
1636 518951
1632 519951
1631 520951
1625 521951
1612 522951
1599 523951
1586 524951
1569 525951
1561 526951
1542 527951
1522 528951
1506 529951
1492 530951
1484 531951
1471 532951
1462 533951
1441 534951
1416 535951
1413 536951
1401 537951
1396 538951
1395 539951
1384 540951
1374 541951
1366 542951
1361 543951
1358 544951
1351 545951
1342 546951
1337 547951
1325 548951
1315 549951
1309 550951
1305 551951
1302 552951
1293 553951
1287 554951
1286 555951
1282 556951
1274 557951
1264 558951
1245 559951
1224 560951
1208 561951
1197 562951
1180 563951
1170 564951
1153 565951
1147 566951
1143 567951
1129 568951
1126 569951
1116 570951
1106 571951
1099 572951
1094 573951
1094 574951
1086 575951
1078 576951
1074 577951
1068 578951
1063 579951
1062 580951
1066 581951
1069 582951
1070 583951
1073 584951
1071 585951
1070 586951
1074 587951
1075 588951
1077 589951
1076 590951
1073 591951
1072 592951
1063 593951
1057 594951
1054 595951
1055 596951
1057 597951
1054 598951
1050 599951
1047 600951
1046 601951
1038 602951
1030 603951
1026 604951
1016 605951
1010 606951
996 607951
