4986 16000
4990 17000
4984 18000
4982 19000
4987 20000
4979 21000
4979 22000
4978 23000
4969 24000
4976 25000
4971 26000
4964 27000
4975 28000
4963 29000
4969 30000
4962 31000
4957 32000
4948 33000
4947 34000
4948 35000
4947 36000
4953 37000
4944 38000
4942 39000
4936 40000
4939 41000
4938 42000
4934 43000
4924 44000
4930 45000
4925 46000
4921 47000
4921 48000
4930 49000
4917 50000
4915 51000
4915 52000
4905 53000
4907 54000
4909 55000
4899 56000
4902 57000
4905 58000
4899 59000
4894 60000
4895 61000
4887 62000
4891 63000
4891 64000
4890 65000
4879 66000
4874 67000
4878 68000
4874 69000
4869 70000
4876 71000
4870 72000
4875 73000
4867 74000
4863 75000
4860 76000
4865 77000
4863 78000
4847 79000
4852 80000
4849 81000
4850 82000
4844 83000
4845 84000
4844 85000
4846 86000
4841 87000
4842 88000
4832 89000
4840 90000
4825 91000
4827 92000
4831 93000
4823 94000
4824 95000
4818 96000
4820 97000
4817 98000
4811 99000
4807 100000
4811 101000
4804 102000
4799 103000
4802 104000
4793 105000
4801 106000
4793 107000
4792 108000
4785 109000
4787 110000
4776 111000
4779 112000
4787 113000
4782 114000
4782 115000
4785 116000
4782 117000
4780 118000
4784 119000
4776 120000
4768 121000
4774 122000
4784 123000
4777 124000
4774 125000
4783 126000
4775 127000
4774 128000
4781 129000
4785 130000
4771 131000
4781 132000
4776 133000
4774 134000
4785 135000
4780 136000
4789 137000
4789 138000
4784 139000
4783 140000
4782 141000
4787 142000
4783 143000
4781 144000
4785 145000
4786 146000
4775 147000
4788 148000
4779 149000
4783 150000
4780 151000
4786 152000
4774 153000
4777 154000
4784 155000
4782 156000
4792 157000
4793 158000
4788 159000
4785 160000
4788 161000
4784 162000
4782 163000
4785 164000
4788 165000
4791 166000
4782 167000
4782 168000
4779 169000
4778 170000
4781 171000
4783 172000
4788 173000
4779 174000
4782 175000
4772 176000
4781 177000
4776 178000
4780 179000
4773 180000
4776 181000
4773 182000
4778 183000
4775 184000
4782 185000
4769 186000
4776 187000
4770 188000
4773 189000
4773 190000
4770 191000
4764 192000
4764 193000
4764 194000
4770 195000
4768 196000
4763 197000
4768 198000
4762 199000
4757 200000
4755 201000
4756 202000
4752 203000
4749 204000
4748 205000
4748 206000
4753 207000
4754 208000
4738 209000
4747 210000
4741 211000
4742 212000
4739 213000
4740 214000
4737 215000
4733 216000
4733 217000
4730 218000
4726 219000
4722 220000
4717 221000
4707 222000
4713 223000
4708 224000
4707 225000
4709 226000
4698 227000
4691 228000
4697 229000
4691 230000
4687 231000
4679 232000
4681 233000
4675 234000
4675 235000
4676 236000
4669 237000
4666 238000
4667 239000
4667 240000
4659 241000
4651 242000
4645 243000
4651 244000
4651 245000
4638 246000
4640 247000
4642 248000
4636 249000
4628 250000
4628 251000
4632 252000
4628 253000
4630 254000
4621 255000
4626 256000
4624 257000
4617 258000
4608 259000
4610 260000
4596 261000
4605 262000
4600 263000
4591 264000
4592 265000
4591 266000
4593 267000
4588 268000
4583 269000
4581 270000
4590 271000
4577 272000
4576 273000
4581 274000
4567 275000
4570 276000
4567 277000
4562 278000
4562 279000
4551 280000
4552 281000
4554 282000
4547 283000
4541 284000
4528 285000
4528 286000
4520 287000
4518 288000
4519 289000
4512 290000
4508 291000
4509 292000
4517 293000
4506 294000
4504 295000
4503 296000
4489 297000
4491 298000
4491 299000
4485 300000
4490 301000
4490 302000
4474 303000
4477 304000
4480 305000
4477 306000
4477 307000
4474 308000
4471 309000
4469 310000
4468 311000
4465 312000
4471 313000
4462 314000
4466 315000
4464 316000
4462 317000
4457 318000
4454 319000
4456 320000
4456 321000
4450 322000
4446 323000
4451 324000
4446 325000
4444 326000
4451 327000
4442 328000
4436 329000
4438 330000
4445 331000
4439 332000
4448 333000
4438 334000
4430 335000
4426 336000
4423 337000
4425 338000
4430 339000
4416 340000
4425 341000
4414 342000
4412 343000
4421 344000
4422 345000
4410 346000
4403 347000
4394 348000
4399 349000
4388 350000
4391 351000
4384 352000
4377 353000
4380 354000
4379 355000
4372 356000
4366 357000
4367 358000
4351 359000
4349 360000
4341 361000
4346 362000
4352 363000
4345 364000
4336 365000
4335 366000
4331 367000
4325 368000
4317 369000
4321 370000
4313 371000
4310 372000
4314 373000
4307 374000
4297 375000
4300 376000
4293 377000
4291 378000
4294 379000
4284 380000
4291 381000
4281 382000
4268 383000
4271 384000
4261 385000
4259 386000
4251 387000
4253 388000
4244 389000
4242 390000
4248 391000
4244 392000
4238 393000
4233 394000
4235 395000
4226 396000
4226 397000
4222 398000
4219 399000
4220 400000
4222 401000
4212 402000
4207 403000
4209 404000
4208 405000
4202 406000
4189 407000
4185 408000
4184 409000
4175 410000
4177 411000
4168 412000
4169 413000
4166 414000
4155 415000
4150 416000
4148 417000
4149 418000
4142 419000
4138 420000
4132 421000
4129 422000
4127 423000
4127 424000
4119 425000
4112 426000
4115 427000
4107 428000
4110 429000
4103 430000
4094 431000
4098 432000
4093 433000
4096 434000
4089 435000
4085 436000
4082 437000
4081 438000
4075 439000
4067 440000
4068 441000
4060 442000
4058 443000
4060 444000
4055 445000
4051 446000
4050 447000
4042 448000
4047 449000
4042 450000
4038 451000
4039 452000
4037 453000
4035 454000
4028 455000
4040 456000
4029 457000
4030 458000
4028 459000
4029 460000
4022 461000
4022 462000
4028 463000
4020 464000
4023 465000
4025 466000
4021 467000
4019 468000
4028 469000
4028 470000
4030 471000
4030 472000
4031 473000
4032 474000
4031 475000
4032 476000
4045 477000
4038 478000
4046 479000
4045 480000
4048 481000
4056 482000
4055 483000
4059 484000
4061 485000
4063 486000
4056 487000
4065 488000
4066 489000
4071 490000
4076 491000
4078 492000
4079 493000
4086 494000
4084 495000
4083 496000
4084 497000
4089 498000
4086 499000
4089 500000
4093 501000
4093 502000
4092 503000
4096 504000
4094 505000
4094 506000
4095 507000
4095 508000
4094 509000
4091 510000
4094 511000
4091 512000
4095 513000
4090 514000
4093 515000
4086 516000
4087 517000
4081 518000
4083 519000
4081 520000
4082 521000
4087 522000
4082 523000
4081 524000
4080 525000
4078 526000
4077 527000
4075 528000
4074 529000
4075 530000
4077 531000
4076 532000
4077 533000
4078 534000
4076 535000
4077 536000
4075 537000
4070 538000
4074 539000
4071 540000
4072 541000
4069 542000
4065 543000
4063 544000
4060 545000
4062 546000
4053 547000
4052 548000
4045 549000
4045 550000
4042 551000
4036 552000
4036 553000
4039 554000
4037 555000
4031 556000
4031 557000
4031 558000
4024 559000
4020 560000
4022 561000
4015 562000
4009 563000
4005 564000
4003 565000
3996 566000
3994 567000
3997 568000
3992 569000
3985 570000
3981 571000
3983 572000
3973 573000
3975 574000
3970 575000
3972 576000
3967 577000
3967 578000
3961 579000
3962 580000
3954 581000
3951 582000
3950 583000
3946 584000
3939 585000
3939 586000
3931 587000
3931 588000
3929 589000
3925 590000
3918 591000
3919 592000
3917 593000
3908 594000
3907 595000
3904 596000
3896 597000
3890 598000
3890 599000
3883 600000
3885 601000
3881 602000
3874 603000
3871 604000
3863 605000
3858 606000
3855 607000
3855 608000
3849 609000
3839 610000
3839 611000
3835 612000
3828 613000
3829 614000
3824 615000
3823 616000
3819 617000
3814 618000
3814 619000
3813 620000
3809 621000
3805 622000
3807 623000
3805 624000
3799 625000
3799 626000
3788 627000
3797 628000
3794 629000
3792 630000
3785 631000
3791 632000
3785 633000
3781 634000
3780 635000
3782 636000
3779 637000
3771 638000
3770 639000
3774 640000
3765 641000
3767 642000
3765 643000
3762 644000
3759 645000
3753 646000
3746 647000
3747 648000
3745 649000
3743 650000
3741 651000
3734 652000
3732 653000
3730 654000
3728 655000
3726 656000
3722 657000
3713 658000
3707 659000
3709 660000
3703 661000
3699 662000
3702 663000
3700 664000
3696 665000
3699 666000
3700 667000
3694 668000
3689 669000
3685 670000
3681 671000
3673 672000
3668 673000
3664 674000
3661 675000
3649 676000
3648 677000
3639 678000
3633 679000
3629 680000
3626 681000
3626 682000
3618 683000
3611 684000
3602 685000
3603 686000
3602 687000
3595 688000
3592 689000
3591 690000
3581 691000
3578 692000
3572 693000
3572 694000
3572 695000
3561 696000
3560 697000
3558 698000
3548 699000
3546 700000
3542 701000
3539 702000
3537 703000
3533 704000
3527 705000
3521 706000
3520 707000
3518 708000
3513 709000
3504 710000
3501 711000
3496 712000
3489 713000
3482 714000
3482 715000
3472 716000
3471 717000
3462 718000
3455 719000
3452 720000
3441 721000
3433 722000
3424 723000
3420 724000
3412 725000
3404 726000
3393 727000
3380 728000
3379 729000
3371 730000
3364 731000
3355 732000
3352 733000
3346 734000
3343 735000
3335 736000
3330 737000
3325 738000
3318 739000
3316 740000
3308 741000
3305 742000
3301 743000
3298 744000
3292 745000
3287 746000
3282 747000
3278 748000
3276 749000
3274 750000
3271 751000
3268 752000
3266 753000
3270 754000
3265 755000
3261 756000
3252 757000
3250 758000
3249 759000
3243 760000
3238 761000
3235 762000
3231 763000
3232 764000
3227 765000
3226 766000
3217 767000
3218 768000
3211 769000
3209 770000
3208 771000
3205 772000
3205 773000
3200 774000
3196 775000
3195 776000
3190 777000
3187 778000
3183 779000
3180 780000
3182 781000
3177 782000
3174 783000
3170 784000
3170 785000
3169 786000
3167 787000
3162 788000
3163 789000
3158 790000
3157 791000
3155 792000
3155 793000
3154 794000
3156 795000
3159 796000
3164 797000
3172 798000
3179 799000
3187 800000
3198 801000
3214 802000
3217 803000
3231 804000
3241 805000
3251 806000
3264 807000
3273 808000
3283 809000
3283 810000
3288 811000
3291 812000
3293 813000
3294 814000
3298 815000
3296 816000
3295 817000
3298 818000
3298 819000
3295 820000
3294 821000
3298 822000
3296 823000
3298 824000
3297 825000
3296 826000
3295 827000
3295 828000
3296 829000
3293 830000
3294 831000
3300 832000
3299 833000
3299 834000
3299 835000
3295 836000
3301 837000
3302 838000
3305 839000
3305 840000
3302 841000
3305 842000
3299 843000
3298 844000
3298 845000
3295 846000
3296 847000
3297 848000
3292 849000
3291 850000
3290 851000
3288 852000
3285 853000
3284 854000
3280 855000
3277 856000
3276 857000
3270 858000
3270 859000
3265 860000
3257 861000
3256 862000
3255 863000
3248 864000
3244 865000
3241 866000
3238 867000
3237 868000
3228 869000
3231 870000
3224 871000
3228 872000
3225 873000
3224 874000
3228 875000
3227 876000
3226 877000
3224 878000
3218 879000
3218 880000
3209 881000
3209 882000
3209 883000
3207 884000
3203 885000
3205 886000
3197 887000
3196 888000
3188 889000
3196 890000
3191 891000
3192 892000
3187 893000
3187 894000
3183 895000
3181 896000
3177 897000
3174 898000
3172 899000
3174 900000
3172 901000
3167 902000
3163 903000
3164 904000
3159 905000
3156 906000
3155 907000
3148 908000
3143 909000
3141 910000
3138 911000
3138 912000
3133 913000
3131 914000
3132 915000
3125 916000
3123 917000
3118 918000
3111 919000
3106 920000
3105 921000
3101 922000
3099 923000
3092 924000
3087 925000
3086 926000
3077 927000
3075 928000
3072 929000
3066 930000
3062 931000
3054 932000
3052 933000
3049 934000
3045 935000
3039 936000
3034 937000
3029 938000
3026 939000
3020 940000
3013 941000
3009 942000
3007 943000
3000 944000
2994 945000
2990 946000
2983 947000
2978 948000
2973 949000
2969 950000
2965 951000
2959 952000
2954 953000
2953 954000
2952 955000
2948 956000
2946 957000
2944 958000
2941 959000
2939 960000
2938 961000
2932 962000
2933 963000
2931 964000
2927 965000
2921 966000
2918 967000
2914 968000
2916 969000
2908 970000
2905 971000
2902 972000
2897 973000
2895 974000
2892 975000
2889 976000
2888 977000
2884 978000
2883 979000
2874 980000
2875 981000
2870 982000
2868 983000
2863 984000
2859 985000
2855 986000
2853 987000
2850 988000
2842 989000
2837 990000
2837 991000
2833 992000
2828 993000
2823 994000
2822 995000
2825 996000
2822 997000
2822 998000
2820 999000
2818 1000000
2818 1001000
2812 1002000
2810 1003000
2806 1004000
2802 1005000
2801 1006000
2791 1007000
2784 1008000
2783 1009000
2775 1010000
2773 1011000
2768 1012000
2763 1013000
2756 1014000
2750 1015000
2748 1016000
2743 1017000
2738 1018000
2732 1019000
2726 1020000
2716 1021000
2706 1022000
2705 1023000
2700 1024000
2698 1025000
2694 1026000
2690 1027000
2674 1028000
2680 1029000
2675 1030000
2670 1031000
2667 1032000
2664 1033000
2663 1034000
2649 1035000
2647 1036000
2637 1037000
2630 1038000
2623 1039000
2615 1040000
2610 1041000
2603 1042000
2593 1043000
2590 1044000
2586 1045000
2583 1046000
2572 1047000
2569 1048000
2563 1049000
2556 1050000
2553 1051000
2547 1052000
2540 1053000
2534 1054000
2528 1055000
2522 1056000
2518 1057000
2507 1058000
2509 1059000
2503 1060000
2498 1061000
2494 1062000
2490 1063000
2484 1064000
2480 1065000
2479 1066000
2474 1067000
2470 1068000
2470 1069000
2464 1070000
2463 1071000
2459 1072000
2455 1073000
2450 1074000
2450 1075000
2447 1076000
2443 1077000
2439 1078000
2434 1079000
2433 1080000
2427 1081000
2426 1082000
2421 1083000
2418 1084000
2418 1085000
2412 1086000
2410 1087000
2405 1088000
2402 1089000
2406 1090000
2398 1091000
2398 1092000
2392 1093000
2393 1094000
2387 1095000
2383 1096000
2382 1097000
2378 1098000
2374 1099000
2370 1100000
2371 1101000
2366 1102000
2362 1103000
2359 1104000
2358 1105000
2352 1106000
2353 1107000
2348 1108000
2344 1109000
2343 1110000
2337 1111000
2334 1112000
2335 1113000
2332 1114000
2334 1115000
2333 1116000
2330 1117000
2331 1118000
2335 1119000
2341 1120000
2347 1121000
2350 1122000
2355 1123000
2356 1124000
2360 1125000
2362 1126000
2366 1127000
2366 1128000
2366 1129000
2366 1130000
2371 1131000
2372 1132000
2371 1133000
2373 1134000
2374 1135000
2376 1136000
2376 1137000
2380 1138000
2384 1139000
2388 1140000
2390 1141000
2400 1142000
2403 1143000
2412 1144000
2421 1145000
2422 1146000
2434 1147000
2438 1148000
2442 1149000
2447 1150000
2453 1151000
2455 1152000
2462 1153000
2475 1154000
2484 1155000
2488 1156000
2491 1157000
2492 1158000
2496 1159000
2496 1160000
2497 1161000
2504 1162000
2502 1163000
2503 1164000
2503 1165000
2506 1166000
2505 1167000
2504 1168000
2504 1169000
2503 1170000
2506 1171000
2503 1172000
2501 1173000
2501 1174000
2499 1175000
2498 1176000
2497 1177000
2497 1178000
2495 1179000
2493 1180000
2489 1181000
2487 1182000
2485 1183000
2485 1184000
2487 1185000
2479 1186000
2480 1187000
2479 1188000
2477 1189000
2477 1190000
2474 1191000
2471 1192000
2472 1193000
2470 1194000
2469 1195000
2466 1196000
2463 1197000
2462 1198000
2458 1199000
2456 1200000
2453 1201000
2452 1202000
2445 1203000
2443 1204000
2443 1205000
2435 1206000
2435 1207000
2432 1208000
2429 1209000
2425 1210000
2422 1211000
2420 1212000
2418 1213000
2416 1214000
2412 1215000
2410 1216000
2407 1217000
2404 1218000
2402 1219000
2396 1220000
2393 1221000
2389 1222000
2390 1223000
2383 1224000
2378 1225000
2370 1226000
2370 1227000
2367 1228000
2360 1229000
2359 1230000
2354 1231000
2349 1232000
2346 1233000
2343 1234000
2336 1235000
2332 1236000
2328 1237000
2325 1238000
2317 1239000
2316 1240000
2309 1241000
2306 1242000
2301 1243000
2294 1244000
2290 1245000
2285 1246000
2282 1247000
2274 1248000
2272 1249000
2266 1250000
2261 1251000
2254 1252000
2253 1253000
2247 1254000
2241 1255000
2233 1256000
2231 1257000
2228 1258000
2221 1259000
2217 1260000
2209 1261000
2203 1262000
2200 1263000
2191 1264000
2188 1265000
2183 1266000
2177 1267000
2171 1268000
2165 1269000
2160 1270000
2156 1271000
2152 1272000
2151 1273000
2144 1274000
2143 1275000
2140 1276000
2138 1277000
2140 1278000
2139 1279000
2138 1280000
2139 1281000
2138 1282000
2136 1283000
2135 1284000
2132 1285000
2131 1286000
2133 1287000
2129 1288000
2127 1289000
2126 1290000
2124 1291000
2120 1292000
2118 1293000
2115 1294000
2108 1295000
2109 1296000
2105 1297000
2099 1298000
2094 1299000
2090 1300000
2091 1301000
2080 1302000
2077 1303000
2071 1304000
2067 1305000
2062 1306000
2059 1307000
2050 1308000
2048 1309000
2042 1310000
2040 1311000
2035 1312000
2031 1313000
2024 1314000
2021 1315000
2017 1316000
2012 1317000
2009 1318000
2007 1319000
2002 1320000
2001 1321000
1998 1322000
1997 1323000
1994 1324000
1993 1325000
1989 1326000
1985 1327000
1982 1328000
1978 1329000
1975 1330000
1970 1331000
1967 1332000
1962 1333000
1959 1334000
1955 1335000
1952 1336000
1949 1337000
1944 1338000
1941 1339000
1941 1340000
1939 1341000
1934 1342000
1929 1343000
1923 1344000
1922 1345000
1912 1346000
1908 1347000
1897 1348000
1897 1349000
1888 1350000
1885 1351000
1877 1352000
1874 1353000
1869 1354000
1864 1355000
1860 1356000
1851 1357000
1844 1358000
1839 1359000
1837 1360000
1839 1361000
1832 1362000
1825 1363000
1820 1364000
1812 1365000
1806 1366000
1801 1367000
1796 1368000
1792 1369000
1789 1370000
1779 1371000
1772 1372000
1763 1373000
1759 1374000
1755 1375000
1751 1376000
1747 1377000
1741 1378000
1738 1379000
1734 1380000
1730 1381000
1726 1382000
1722 1383000
1721 1384000
1718 1385000
1713 1386000
1709 1387000
1703 1388000
1703 1389000
1699 1390000
1699 1391000
1689 1392000
1686 1393000
1681 1394000
1676 1395000
1674 1396000
1673 1397000
1669 1398000
1666 1399000
1663 1400000
1659 1401000
1657 1402000
1652 1403000
1650 1404000
1648 1405000
1645 1406000
1640 1407000
1640 1408000
1635 1409000
1633 1410000
1628 1411000
1628 1412000
1622 1413000
1620 1414000
1619 1415000
1617 1416000
1613 1417000
1611 1418000
1610 1419000
1608 1420000
1607 1421000
1603 1422000
1602 1423000
1601 1424000
1600 1425000
1595 1426000
1593 1427000
1591 1428000
1587 1429000
1587 1430000
1586 1431000
1586 1432000
1582 1433000
1580 1434000
1580 1435000
1577 1436000
1575 1437000
1574 1438000
1575 1439000
1573 1440000
1577 1441000
1581 1442000
1588 1443000
1596 1444000
1597 1445000
1599 1446000
1601 1447000
1602 1448000
1602 1449000
1603 1450000
1601 1451000
1600 1452000
1601 1453000
1600 1454000
1599 1455000
1599 1456000
1597 1457000
1600 1458000
1598 1459000
1598 1460000
1598 1461000
1599 1462000
1598 1463000
1600 1464000
1601 1465000
1600 1466000
1599 1467000
1602 1468000
1605 1469000
1609 1470000
1611 1471000
1614 1472000
1614 1473000
1616 1474000
1617 1475000
1619 1476000
1618 1477000
1620 1478000
1621 1479000
1619 1480000
1619 1481000
1619 1482000
1620 1483000
1619 1484000
1617 1485000
1619 1486000
1618 1487000
1614 1488000
1616 1489000
1610 1490000
1613 1491000
1609 1492000
1608 1493000
1606 1494000
1603 1495000
1603 1496000
1596 1497000
1599 1498000
1595 1499000
1590 1500000
1590 1501000
1583 1502000
1583 1503000
1582 1504000
1580 1505000
1575 1506000
1577 1507000
1578 1508000
1577 1509000
1576 1510000
1575 1511000
1573 1512000
1573 1513000
1571 1514000
1571 1515000
1569 1516000
1567 1517000
1563 1518000
1562 1519000
1560 1520000
1561 1521000
1560 1522000
1558 1523000
1558 1524000
1556 1525000
1556 1526000
1553 1527000
1550 1528000
1549 1529000
1547 1530000
1547 1531000
1547 1532000
1547 1533000
1544 1534000
1543 1535000
1540 1536000
1539 1537000
1541 1538000
1538 1539000
1538 1540000
1539 1541000
1536 1542000
1534 1543000
1531 1544000
1528 1545000
1525 1546000
1524 1547000
1518 1548000
1516 1549000
1512 1550000
1506 1551000
1503 1552000
1502 1553000
1496 1554000
1494 1555000
1492 1556000
1486 1557000
1483 1558000
1481 1559000
1475 1560000
1473 1561000
1472 1562000
1467 1563000
1461 1564000
1461 1565000
1456 1566000
1452 1567000
1446 1568000
1445 1569000
1444 1570000
1438 1571000
1437 1572000
1435 1573000
1430 1574000
1429 1575000
1424 1576000
1419 1577000
1416 1578000
1409 1579000
1404 1580000
1400 1581000
1393 1582000
1390 1583000
1387 1584000
1381 1585000
1375 1586000
1373 1587000
1366 1588000
1360 1589000
1358 1590000
1351 1591000
1348 1592000
1343 1593000
1340 1594000
1338 1595000
1334 1596000
1329 1597000
1326 1598000
1322 1599000
1319 1600000
1317 1601000
1315 1602000
1313 1603000
1308 1604000
1306 1605000
1297 1606000
1295 1607000
1293 1608000
1288 1609000
1286 1610000
1281 1611000
1279 1612000
1277 1613000
1270 1614000
1266 1615000
1259 1616000
1255 1617000
1256 1618000
1252 1619000
1253 1620000
1245 1621000
1243 1622000
1238 1623000
1238 1624000
1234 1625000
1234 1626000
1232 1627000
1228 1628000
1226 1629000
1225 1630000
1223 1631000
1225 1632000
1221 1633000
1219 1634000
1216 1635000
1215 1636000
1212 1637000
1209 1638000
1203 1639000
1195 1640000
1196 1641000
1191 1642000
1192 1643000
1184 1644000
1182 1645000
1182 1646000
1177 1647000
1177 1648000
1172 1649000
1170 1650000
1167 1651000
1164 1652000
1164 1653000
1160 1654000
1156 1655000
1149 1656000
1147 1657000
1144 1658000
1141 1659000
1138 1660000
1133 1661000
1129 1662000
1126 1663000
1125 1664000
1121 1665000
1120 1666000
1115 1667000
1109 1668000
1106 1669000
1099 1670000
1100 1671000
1090 1672000
1080 1673000
1073 1674000
1067 1675000
1067 1676000
1065 1677000
1060 1678000
1058 1679000
1054 1680000
1052 1681000
1056 1682000
1058 1683000
1058 1684000
1057 1685000
1058 1686000
1058 1687000
1054 1688000
1048 1689000
1053 1690000
1052 1691000
1055 1692000
1052 1693000
1051 1694000
1048 1695000
1044 1696000
1033 1697000
1033 1698000
1039 1699000
1037 1700000
1038 1701000
1036 1702000
1034 1703000
1033 1704000
1028 1705000
1025 1706000
1022 1707000
1023 1708000
1019 1709000
1020 1710000
1025 1711000
1019 1712000
1018 1713000
1024 1714000
1020 1715000
1015 1716000
1011 1717000
1008 1718000
1005 1719000
1005 1720000
1005 1721000
1004 1722000
1006 1723000
1002 1724000
1002 1725000
1003 1726000
1003 1727000
1003 1728000
1007 1729000
1006 1730000
1010 1731000
1007 1732000
1009 1733000
1009 1734000
1010 1735000
1016 1736000
1012 1737000
1011 1738000
1011 1739000
1010 1740000
1007 1741000
1010 1742000
1013 1743000
1019 1744000
1017 1745000
1020 1746000
1021 1747000
1019 1748000
1022 1749000
1024 1750000
1020 1751000
1020 1752000
1018 1753000
1019 1754000
1017 1755000
1012 1756000
1016 1757000
1016 1758000
1015 1759000
1020 1760000
1020 1761000
1021 1762000
1014 1763000
1015 1764000
1011 1765000
1003 1766000
1002 1767000
1002 1768000
995 1769000
