5000 -5013
5000 -4013
5000 -3013
5000 -2013
5000 -1013
5000 -13
4994 987
4993 1987
4988 2987
4989 3987
4985 4987
4982 5987
4982 6987
4978 7987
4979 8987
4967 9987
4963 10987
4958 11987
4956 12987
4954 13987
4949 14987
4951 15987
4943 16987
4932 17987
4927 18987
4917 19987
4900 20987
4891 21987
4890 22987
4886 23987
4885 24987
4880 25987
4886 26987
4886 27987
4886 28987
4888 29987
4885 30987
4883 31987
4880 32987
4883 33987
4881 34987
4878 35987
4882 36987
4880 37987
4882 38987
4886 39987
4889 40987
4891 41987
4895 42987
4901 43987
4897 44987
4895 45987
4895 46987
4894 47987
4895 48987
4888 49987
4889 50987
4888 51987
4890 52987
4873 53987
4869 54987
4870 55987
4864 56987
4858 57987
4853 58987
4849 59987
4845 60987
4841 61987
4842 62987
4839 63987
4841 64987
4838 65987
4841 66987
4840 67987
4845 68987
4846 69987
4850 70987
4852 71987
4853 72987
4855 73987
4860 74987
4858 75987
4864 76987
4871 77987
4878 78987
4872 79987
4873 80987
4866 81987
4865 82987
4859 83987
4858 84987
4857 85987
4848 86987
4836 87987
4824 88987
4813 89987
4798 90987
4788 91987
4776 92987
4768 93987
4762 94987
4754 95987
4737 96987
4736 97987
4728 98987
4729 99987
4726 100987
4726 101987
4718 102987
4707 103987
4658 104987
4627 105987
4603 106987
4603 107987
4612 108987
4603 109987
4580 110987
4567 111987
4555 112987
4557 113987
4560 114987
4563 115987
4553 116987
4550 117987
4549 118987
4548 119987
4539 120987
4534 121987
4528 122987
4528 123987
4524 124987
4524 125987
4522 126987
4526 127987
4522 128987
4523 129987
4515 130987
4511 131987
4502 132987
4493 133987
4490 134987
4487 135987
4486 136987
4483 137987
4479 138987
4479 139987
4478 140987
4476 141987
4474 142987
4470 143987
4470 144987
4469 145987
4472 146987
4477 147987
4479 148987
4491 149987
4498 150987
4501 151987
4502 152987
4499 153987
4495 154987
4495 155987
4494 156987
4494 157987
4495 158987
4488 159987
4485 160987
4484 161987
4482 162987
4473 163987
4469 164987
4461 165987
4454 166987
4449 167987
4442 168987
4436 169987
4434 170987
4420 171987
4409 172987
4401 173987
4393 174987
4385 175987
4379 176987
4371 177987
4356 178987
4348 179987
4341 180987
4337 181987
4325 182987
4316 183987
4308 184987
4299 185987
4292 186987
4267 187987
4260 188987
4259 189987
4254 190987
4252 191987
4247 192987
4247 193987
4243 194987
4239 195987
4235 196987
4225 197987
4217 198987
4214 199987
4205 200987
4195 201987
4185 202987
4176 203987
4168 204987
4159 205987
4149 206987
4145 207987
4132 208987
4126 209987
4116 210987
4106 211987
4103 212987
4089 213987
4077 214987
4074 215987
4066 216987
4059 217987
4052 218987
4044 219987
4038 220987
4021 221987
4014 222987
4004 223987
4001 224987
3995 225987
3981 226987
3975 227987
3963 228987
3956 229987
3950 230987
3943 231987
3934 232987
3927 233987
3925 234987
3913 235987
3918 236987
3911 237987
3913 238987
3913 239987
3912 240987
3915 241987
3919 242987
3920 243987
3926 244987
3922 245987
3922 246987
3916 247987
3913 248987
3906 249987
3899 250987
3896 251987
3893 252987
3889 253987
3888 254987
3884 255987
3888 256987
3887 257987
3884 258987
3882 259987
3877 260987
3873 261987
3866 262987
3856 263987
3854 264987
3846 265987
3844 266987
3843 267987
3839 268987
3839 269987
3833 270987
3829 271987
3822 272987
3815 273987
3805 274987
3796 275987
3786 276987
3784 277987
3768 278987
3760 279987
3749 280987
3742 281987
3734 282987
3736 283987
3731 284987
3727 285987
3728 286987
3724 287987
3716 288987
3711 289987
3707 290987
3706 291987
3699 292987
3689 293987
3681 294987
3678 295987
3674 296987
3668 297987
3660 298987
3648 299987
3632 300987
3613 301987
3598 302987
3578 303987
3564 304987
3543 305987
3526 306987
3506 307987
3486 308987
3470 309987
3461 310987
3451 311987
3437 312987
3422 313987
3412 314987
3401 315987
3383 316987
3366 317987
3357 318987
3347 319987
3341 320987
3332 321987
3322 322987
3308 323987
3301 324987
3289 325987
3281 326987
3276 327987
3281 328987
3286 329987
3284 330987
3282 331987
3277 332987
3268 333987
3266 334987
3269 335987
3274 336987
3274 337987
3276 338987
3277 339987
3272 340987
3274 341987
3271 342987
3274 343987
3272 344987
3268 345987
3265 346987
3265 347987
3264 348987
3266 349987
3268 350987
3260 351987
3252 352987
3244 353987
3236 354987
3228 355987
3220 356987
3214 357987
3204 358987
3198 359987
3191 360987
3187 361987
3181 362987
3186 363987
3186 364987
3191 365987
3188 366987
3190 367987
3186 368987
3186 369987
3181 370987
3175 371987
3168 372987
3166 373987
3167 374987
3171 375987
3173 376987
3178 377987
3178 378987
3176 379987
3162 380987
3132 381987
3105 382987
3090 383987
3076 384987
3067 385987
3065 386987
3067 387987
3065 388987
3067 389987
3075 390987
3081 391987
3102 392987
3126 393987
3129 394987
3132 395987
3127 396987
3113 397987
3105 398987
3094 399987
3078 400987
3054 401987
3039 402987
3028 403987
3014 404987
3000 405987
2995 406987
2986 407987
2977 408987
2971 409987
2950 410987
2936 411987
2931 412987
2912 413987
2895 414987
2879 415987
2859 416987
2827 417987
2802 418987
2773 419987
2752 420987
2722 421987
2710 422987
2698 423987
2683 424987
2663 425987
2648 426987
2629 427987
2598 428987
2585 429987
2575 430987
2570 431987
2562 432987
2554 433987
2542 434987
2529 435987
2516 436987
2490 437987
2476 438987
2467 439987
2450 440987
2441 441987
2437 442987
2424 443987
2418 444987
2415 445987
2402 446987
2396 447987
2392 448987
2392 449987
2390 450987
2387 451987
2375 452987
2382 453987
2384 454987
2392 455987
2390 456987
2399 457987
2385 458987
2337 459987
2316 460987
2307 461987
2295 462987
2291 463987
2283 464987
2278 465987
2271 466987
2265 467987
2260 468987
2254 469987
2248 470987
2242 471987
2241 472987
2240 473987
2237 474987
2238 475987
2237 476987
2236 477987
2236 478987
2232 479987
2233 480987
2233 481987
2231 482987
2227 483987
2226 484987
2229 485987
2221 486987
2223 487987
2224 488987
2232 489987
2247 490987
2260 491987
2261 492987
2261 493987
2260 494987
2242 495987
2249 496987
2258 497987
2267 498987
2267 499987
2271 500987
2284 501987
2287 502987
2282 503987
2282 504987
2257 505987
2244 506987
2230 507987
2216 508987
2209 509987
2197 510987
2180 511987
2172 512987
2158 513987
2137 514987
2125 515987
2115 516987
2093 517987
2073 518987
2057 519987
2041 520987
2020 521987
1999 522987
1980 523987
1960 524987
1942 525987
1924 526987
1913 527987
1904 528987
1903 529987
1903 530987
1902 531987
1886 532987
1868 533987
1855 534987
1840 535987
1829 536987
1820 537987
1810 538987
1797 539987
1781 540987
1758 541987
1744 542987
1734 543987
1718 544987
1710 545987
1690 546987
1668 547987
1640 548987
1635 549987
1620 550987
1606 551987
1596 552987
1585 553987
1577 554987
1570 555987
1555 556987
1543 557987
1542 558987
1533 559987
1528 560987
1523 561987
1515 562987
1512 563987
1506 564987
1495 565987
1488 566987
1481 567987
1479 568987
1475 569987
1477 570987
1475 571987
1470 572987
1464 573987
1456 574987
1455 575987
1451 576987
1449 577987
1456 578987
1456 579987
1457 580987
1460 581987
1460 582987
1460 583987
1460 584987
1456 585987
1451 586987
1454 587987
1449 588987
1451 589987
1444 590987
1441 591987
1440 592987
1430 593987
1451 594987
1446 595987
1436 596987
1432 597987
1429 598987
1419 599987
1410 600987
1395 601987
1384 602987
1381 603987
1380 604987
1370 605987
1358 606987
1352 607987
1350 608987
1348 609987
1346 610987
1349 611987
1354 612987
1354 613987
1351 614987
1360 615987
1365 616987
1382 617987
1387 618987
1379 619987
1370 620987
1366 621987
1369 622987
1362 623987
1353 624987
1340 625987
1315 626987
1310 627987
1285 628987
1261 629987
1243 630987
1228 631987
1213 632987
1201 633987
1188 634987
1177 635987
1166 636987
1165 637987
1157 638987
1143 639987
1130 640987
1123 641987
1114 642987
1107 643987
1103 644987
1102 645987
1093 646987
1089 647987
1080 648987
1079 649987
1072 650987
1067 651987
1063 652987
1057 653987
1044 654987
1034 655987
1024 656987
1013 657987
996 658987
