5000 -4000
4997 -3000
4991 -2000
4988 -1000
4987 0
4978 1000
4970 2000
4973 3000
4962 4000
4951 5000
4947 6000
4946 7000
4940 8000
4943 9000
4935 10000
4931 11000
4926 12000
4923 13000
4916 14000
4914 15000
4909 16000
4896 17000
4882 18000
4881 19000
4881 20000
4881 21000
4878 22000
4867 23000
4864 24000
4860 25000
4854 26000
4859 27000
4852 28000
4861 29000
4854 30000
4845 31000
4839 32000
4829 33000
4828 34000
4821 35000
4818 36000
4813 37000
4806 38000
4801 39000
4795 40000
4791 41000
4789 42000
4782 43000
4763 44000
4715 45000
4712 46000
4710 47000
4710 48000
4705 49000
4703 50000
4704 51000
4695 52000
4697 53000
4697 54000
4695 55000
4694 56000
4686 57000
4687 58000
4685 59000
4684 60000
4679 61000
4678 62000
4678 63000
4678 64000
4675 65000
4676 66000
4674 67000
4667 68000
4664 69000
4664 70000
4650 71000
4645 72000
4642 73000
4639 74000
4637 75000
4634 76000
4627 77000
4620 78000
4613 79000
4615 80000
4604 81000
4602 82000
4601 83000
4598 84000
4596 85000
4595 86000
4590 87000
4591 88000
4586 89000
4585 90000
4586 91000
4585 92000
4585 93000
4582 94000
4581 95000
4582 96000
4574 97000
4570 98000
4560 99000
4559 100000
4550 101000
4544 102000
4538 103000
4530 104000
4531 105000
4519 106000
4513 107000
4507 108000
4507 109000
4498 110000
4496 111000
4486 112000
4480 113000
4478 114000
4474 115000
4475 116000
4470 117000
4465 118000
4458 119000
4446 120000
4443 121000
4432 122000
4431 123000
4431 124000
4426 125000
4417 126000
4411 127000
4405 128000
4392 129000
4386 130000
4381 131000
4373 132000
4369 133000
4369 134000
4359 135000
4354 136000
4352 137000
4341 138000
4340 139000
4325 140000
4322 141000
4319 142000
4311 143000
4299 144000
4287 145000
4270 146000
4252 147000
4245 148000
4228 149000
4216 150000
4206 151000
4202 152000
4189 153000
4185 154000
4182 155000
4179 156000
4173 157000
4168 158000
4159 159000
4159 160000
4163 161000
4159 162000
4156 163000
4124 164000
4110 165000
4105 166000
4100 167000
4095 168000
4091 169000
4087 170000
4083 171000
4085 172000
4076 173000
4083 174000
4080 175000
4085 176000
4076 177000
4077 178000
4074 179000
4078 180000
4073 181000
4067 182000
4064 183000
4062 184000
4057 185000
4051 186000
4042 187000
4037 188000
4033 189000
4037 190000
4031 191000
4031 192000
4030 193000
4029 194000
4030 195000
4034 196000
4032 197000
4030 198000
4029 199000
4026 200000
4023 201000
4017 202000
4013 203000
4011 204000
4006 205000
3997 206000
3990 207000
3984 208000
3981 209000
3968 210000
3961 211000
3954 212000
3944 213000
3941 214000
3935 215000
3931 216000
3924 217000
3919 218000
3910 219000
3902 220000
3889 221000
3878 222000
3873 223000
3866 224000
3862 225000
3850 226000
3850 227000
3845 228000
3829 229000
3821 230000
3809 231000
3800 232000
3796 233000
3786 234000
3782 235000
3779 236000
3777 237000
3771 238000
3767 239000
3759 240000
3748 241000
3744 242000
3734 243000
3725 244000
3723 245000
3715 246000
3706 247000
3687 248000
3671 249000
3663 250000
3658 251000
3646 252000
3640 253000
3630 254000
3622 255000
3631 256000
3632 257000
3621 258000
3614 259000
3598 260000
3566 261000
3558 262000
3562 263000
3557 264000
3547 265000
3536 266000
3514 267000
3501 268000
3485 269000
3479 270000
3474 271000
3463 272000
3456 273000
3450 274000
3440 275000
3432 276000
3429 277000
3420 278000
3413 279000
3410 280000
3400 281000
3397 282000
3390 283000
3386 284000
3384 285000
3383 286000
3387 287000
3379 288000
3375 289000
3374 290000
3370 291000
3369 292000
3362 293000
3360 294000
3356 295000
3356 296000
3354 297000
3349 298000
3345 299000
3342 300000
3340 301000
3336 302000
3330 303000
3327 304000
3326 305000
3321 306000
3319 307000
3311 308000
3308 309000
3307 310000
3299 311000
3295 312000
3289 313000
3282 314000
3274 315000
3266 316000
3258 317000
3252 318000
3241 319000
3229 320000
3219 321000
3207 322000
3191 323000
3184 324000
3173 325000
3163 326000
3159 327000
3154 328000
3148 329000
3142 330000
3137 331000
3132 332000
3129 333000
3120 334000
3113 335000
3105 336000
3094 337000
3087 338000
3077 339000
3070 340000
3064 341000
3058 342000
3054 343000
3043 344000
3031 345000
3027 346000
3017 347000
3011 348000
2999 349000
2997 350000
2994 351000
2990 352000
2978 353000
2969 354000
2963 355000
2954 356000
2948 357000
2939 358000
2934 359000
2925 360000
2917 361000
2905 362000
2895 363000
2887 364000
2879 365000
2867 366000
2857 367000
2841 368000
2831 369000
2817 370000
2802 371000
2789 372000
2794 373000
2794 374000
2791 375000
2786 376000
2777 377000
2774 378000
2757 379000
2749 380000
2739 381000
2721 382000
2718 383000
2712 384000
2701 385000
2691 386000
2684 387000
2673 388000
2662 389000
2656 390000
2647 391000
2630 392000
2622 393000
2619 394000
2608 395000
2596 396000
2592 397000
2581 398000
2577 399000
2572 400000
2574 401000
2563 402000
2556 403000
2550 404000
2549 405000
2545 406000
2542 407000
2538 408000
2535 409000
2536 410000
2535 411000
2534 412000
2532 413000
2537 414000
2534 415000
2531 416000
2534 417000
2535 418000
2540 419000
2528 420000
2525 421000
2511 422000
2506 423000
2494 424000
2482 425000
2475 426000
2464 427000
2450 428000
2442 429000
2428 430000
2418 431000
2414 432000
2402 433000
2395 434000
2387 435000
2380 436000
2372 437000
2363 438000
2358 439000
2350 440000
2343 441000
2333 442000
2326 443000
2321 444000
2311 445000
2305 446000
2297 447000
2291 448000
2281 449000
2271 450000
2262 451000
2254 452000
2249 453000
2241 454000
2226 455000
2218 456000
2210 457000
2206 458000
2203 459000
2196 460000
2192 461000
2185 462000
2179 463000
2166 464000
2160 465000
2153 466000
2144 467000
2136 468000
2126 469000
2112 470000
2101 471000
2089 472000
2071 473000
2055 474000
2040 475000
2039 476000
2021 477000
2005 478000
1989 479000
1980 480000
1969 481000
1967 482000
1959 483000
1949 484000
1940 485000
1923 486000
1909 487000
1899 488000
1889 489000
1877 490000
1867 491000
1860 492000
1854 493000
1839 494000
1828 495000
1820 496000
1815 497000
1807 498000
1796 499000
1789 500000
1783 501000
1778 502000
1783 503000
1776 504000
1774 505000
1773 506000
1759 507000
1754 508000
1753 509000
1755 510000
1755 511000
1752 512000
1748 513000
1750 514000
1747 515000
1748 516000
1743 517000
1743 518000
1742 519000
1742 520000
1745 521000
1741 522000
1742 523000
1740 524000
1740 525000
1740 526000
1741 527000
1736 528000
1733 529000
1726 530000
1724 531000
1718 532000
1703 533000
1692 534000
1689 535000
1677 536000
1670 537000
1665 538000
1657 539000
1660 540000
1655 541000
1652 542000
1645 543000
1639 544000
1634 545000
1627 546000
1611 547000
1609 548000
1599 549000
1590 550000
1587 551000
1586 552000
1576 553000
1562 554000
1554 555000
1545 556000
1540 557000
1530 558000
1518 559000
1512 560000
1503 561000
1494 562000
1487 563000
1480 564000
1465 565000
1461 566000
1450 567000
1446 568000
1434 569000
1427 570000
1416 571000
1414 572000
1409 573000
1406 574000
1398 575000
1386 576000
1382 577000
1375 578000
1357 579000
1347 580000
1334 581000
1323 582000
1301 583000
1290 584000
1275 585000
1259 586000
1251 587000
1241 588000
1232 589000
1226 590000
1216 591000
1215 592000
1206 593000
1199 594000
1194 595000
1188 596000
1183 597000
1175 598000
1166 599000
1156 600000
1150 601000
1141 602000
1134 603000
1126 604000
1121 605000
1113 606000
1105 607000
1094 608000
1091 609000
1088 610000
1084 611000
1075 612000
1072 613000
1072 614000
1071 615000
1069 616000
1070 617000
1066 618000
1065 619000
1066 620000
1061 621000
1060 622000
1057 623000
1056 624000
1055 625000
1054 626000
1047 627000
1052 628000
1051 629000
1050 630000
1050 631000
1053 632000
1052 633000
1052 634000
1052 635000
1051 636000
1048 637000
1047 638000
1043 639000
1040 640000
1038 641000
1032 642000
1029 643000
1028 644000
1020 645000
1015 646000
1015 647000
1011 648000
1005 649000
1001 650000
995 651000
