5000 -23975
5000 -22975
5000 -21975
5000 -20975
4995 -19975
4989 -18975
4985 -17975
4982 -16975
4981 -15975
4974 -14975
4974 -13975
4978 -12975
4970 -11975
4968 -10975
4956 -9975
4957 -8975
4958 -7975
4959 -6975
4961 -5975
4964 -4975
4973 -3975
4973 -2975
4981 -1975
4980 -975
4978 25
4976 1025
4970 2025
4965 3025
4953 4025
4947 5025
4942 6025
4923 7025
4919 8025
4907 9025
4897 10025
4889 11025
4877 12025
4875 13025
4868 14025
4857 15025
4853 16025
4844 17025
4844 18025
4838 19025
4837 20025
4829 21025
4827 22025
4809 23025
4808 24025
4803 25025
4799 26025
4795 27025
4784 28025
4779 29025
4779 30025
4780 31025
4784 32025
4778 33025
4771 34025
4771 35025
4766 36025
4766 37025
4762 38025
4771 39025
4774 40025
4772 41025
4773 42025
4770 43025
4775 44025
4770 45025
4767 46025
4774 47025
4761 48025
4758 49025
4760 50025
4762 51025
4754 52025
4760 53025
4754 54025
4751 55025
4746 56025
4745 57025
4743 58025
4739 59025
4729 60025
4729 61025
4720 62025
4714 63025
4703 64025
4699 65025
4688 66025
4685 67025
4680 68025
4667 69025
4655 70025
4645 71025
4629 72025
4629 73025
4630 74025
4620 75025
4619 76025
4621 77025
4611 78025
4609 79025
4590 80025
4585 81025
4575 82025
4568 83025
4550 84025
4537 85025
4524 86025
4523 87025
4521 88025
4509 89025
4512 90025
4507 91025
4501 92025
4489 93025
4485 94025
4490 95025
4491 96025
4502 97025
4508 98025
4512 99025
4510 100025
4514 101025
4515 102025
4517 103025
4519 104025
4514 105025
4505 106025
4502 107025
4498 108025
4497 109025
4482 110025
4475 111025
4471 112025
4453 113025
4439 114025
4437 115025
4412 116025
4395 117025
4382 118025
4374 119025
4371 120025
4352 121025
4334 122025
4326 123025
4318 124025
4312 125025
4311 126025
4305 127025
4306 128025
4299 129025
4308 130025
4310 131025
4304 132025
4297 133025
4296 134025
4284 135025
4268 136025
4274 137025
4256 138025
4247 139025
4239 140025
4226 141025
4227 142025
4243 143025
4245 144025
4242 145025
4240 146025
4237 147025
4223 148025
4220 149025
4214 150025
4212 151025
4210 152025
4202 153025
4201 154025
4198 155025
4194 156025
4204 157025
4193 158025
4187 159025
4184 160025
4181 161025
4176 162025
4165 163025
4158 164025
4152 165025
4149 166025
4148 167025
4141 168025
4126 169025
4109 170025
4106 171025
4111 172025
4104 173025
4098 174025
4093 175025
4084 176025
4070 177025
4056 178025
4040 179025
4044 180025
4025 181025
4013 182025
4004 183025
3998 184025
3994 185025
3991 186025
3986 187025
3986 188025
3973 189025
3966 190025
3952 191025
3942 192025
3927 193025
3911 194025
3904 195025
3897 196025
3896 197025
3892 198025
3879 199025
3874 200025
3862 201025
3861 202025
3860 203025
3862 204025
3855 205025
3858 206025
3861 207025
3863 208025
3865 209025
3869 210025
3877 211025
3880 212025
3880 213025
3888 214025
3896 215025
3891 216025
3877 217025
3868 218025
3856 219025
3842 220025
3827 221025
3811 222025
3790 223025
3742 224025
3717 225025
3701 226025
3690 227025
3682 228025
3669 229025
3667 230025
3652 231025
3633 232025
3621 233025
3610 234025
3598 235025
3591 236025
3596 237025
3595 238025
3590 239025
3610 240025
3621 241025
3608 242025
3596 243025
3585 244025
3564 245025
3550 246025
3533 247025
3529 248025
3527 249025
3531 250025
3537 251025
3540 252025
3559 253025
3552 254025
3565 255025
3561 256025
3551 257025
3546 258025
3546 259025
3548 260025
3543 261025
3520 262025
3494 263025
3485 264025
3497 265025
3483 266025
3480 267025
3479 268025
3472 269025
3461 270025
3454 271025
3441 272025
3432 273025
3432 274025
3440 275025
3437 276025
3425 277025
3412 278025
3422 279025
3420 280025
3418 281025
3408 282025
3396 283025
3381 284025
3364 285025
3354 286025
3336 287025
3327 288025
3316 289025
3298 290025
3288 291025
3283 292025
3285 293025
3279 294025
3271 295025
3271 296025
3271 297025
3276 298025
3292 299025
3287 300025
3287 301025
3285 302025
3265 303025
3258 304025
3251 305025
3246 306025
3239 307025
3238 308025
3235 309025
3225 310025
3225 311025
3217 312025
3218 313025
3205 314025
3200 315025
3192 316025
3187 317025
3177 318025
3168 319025
3160 320025
3160 321025
3156 322025
3149 323025
3138 324025
3130 325025
3110 326025
3093 327025
3080 328025
3063 329025
3048 330025
3030 331025
3012 332025
3006 333025
2984 334025
2964 335025
2954 336025
2939 337025
2935 338025
2915 339025
2901 340025
2891 341025
2880 342025
2876 343025
2870 344025
2858 345025
2852 346025
2848 347025
2846 348025
2833 349025
2812 350025
2810 351025
2795 352025
2774 353025
2763 354025
2752 355025
2730 356025
2713 357025
2705 358025
2690 359025
2692 360025
2707 361025
2703 362025
2703 363025
2698 364025
2694 365025
2657 366025
2653 367025
2656 368025
2657 369025
2659 370025
2643 371025
2624 372025
2607 373025
2585 374025
2594 375025
2604 376025
2603 377025
2601 378025
2585 379025
2581 380025
2580 381025
2579 382025
2581 383025
2584 384025
2572 385025
2557 386025
2541 387025
2533 388025
2531 389025
2517 390025
2505 391025
2494 392025
2481 393025
2471 394025
2473 395025
2463 396025
2454 397025
2439 398025
2423 399025
2407 400025
2409 401025
2412 402025
2406 403025
2401 404025
2391 405025
2390 406025
2384 407025
2372 408025
2377 409025
2391 410025
2396 411025
2389 412025
2388 413025
2393 414025
2407 415025
2415 416025
2412 417025
2404 418025
2401 419025
2399 420025
2396 421025
2386 422025
2384 423025
2380 424025
2382 425025
2392 426025
2393 427025
2397 428025
2391 429025
2386 430025
2382 431025
2375 432025
2365 433025
2337 434025
2318 435025
2314 436025
2297 437025
2283 438025
2267 439025
2257 440025
2241 441025
2234 442025
2226 443025
2225 444025
2211 445025
2203 446025
2200 447025
2183 448025
2180 449025
2167 450025
2147 451025
2137 452025
2119 453025
2104 454025
2089 455025
2075 456025
2058 457025
2054 458025
2039 459025
2024 460025
2018 461025
2000 462025
1978 463025
1967 464025
1944 465025
1934 466025
1934 467025
1931 468025
1926 469025
1924 470025
1924 471025
1921 472025
1918 473025
1914 474025
1902 475025
1896 476025
1879 477025
1869 478025
1853 479025
1837 480025
1834 481025
1829 482025
1830 483025
1838 484025
1851 485025
1858 486025
1860 487025
1860 488025
1855 489025
1859 490025
1853 491025
1852 492025
1850 493025
1842 494025
1840 495025
1829 496025
1821 497025
1815 498025
1807 499025
1806 500025
1807 501025
1809 502025
1803 503025
1801 504025
1797 505025
1786 506025
1780 507025
1760 508025
1746 509025
1744 510025
1729 511025
1726 512025
1717 513025
1710 514025
1698 515025
1687 516025
1683 517025
1673 518025
1664 519025
1647 520025
1640 521025
1633 522025
1635 523025
1634 524025
1633 525025
1638 526025
1633 527025
1627 528025
1626 529025
1619 530025
1617 531025
1625 532025
1624 533025
1611 534025
1601 535025
1591 536025
1586 537025
1579 538025
1572 539025
1567 540025
1554 541025
1551 542025
1549 543025
1544 544025
1544 545025
1545 546025
1538 547025
1534 548025
1533 549025
1526 550025
1515 551025
1503 552025
1489 553025
1474 554025
1461 555025
1449 556025
1439 557025
1432 558025
1428 559025
1429 560025
1420 561025
1414 562025
1392 563025
1383 564025
1378 565025
1364 566025
1361 567025
1343 568025
1344 569025
1339 570025
1329 571025
1325 572025
1313 573025
1302 574025
1296 575025
1281 576025
1272 577025
1266 578025
1259 579025
1248 580025
1247 581025
1236 582025
1225 583025
1219 584025
1215 585025
1212 586025
1207 587025
1197 588025
1198 589025
1195 590025
1197 591025
1196 592025
1198 593025
1199 594025
1199 595025
1202 596025
1204 597025
1202 598025
1198 599025
1194 600025
1191 601025
1187 602025
1184 603025
1185 604025
1180 605025
1178 606025
1176 607025
1172 608025
1156 609025
1150 610025
1146 611025
1136 612025
1133 613025
1126 614025
1125 615025
1118 616025
1113 617025
1109 618025
1099 619025
1094 620025
1084 621025
1077 622025
1069 623025
1065 624025
1058 625025
1055 626025
1054 627025
1047 628025
1043 629025
1037 630025
1039 631025
1037 632025
1035 633025
1032 634025
1028 635025
1025 636025
1019 637025
1016 638025
1013 639025
1008 640025
1006 641025
1007 642025
1004 643025
999 644025
