4983 6000
4973 7000
4973 8000
4957 9000
4950 10000
4947 11000
4941 12000
4932 13000
4933 14000
4919 15000
4909 16000
4895 17000
4894 18000
4882 19000
4876 20000
4863 21000
4861 22000
4860 23000
4847 24000
4848 25000
4841 26000
4840 27000
4841 28000
4849 29000
4857 30000
4853 31000
4836 32000
4829 33000
4827 34000
4824 35000
4823 36000
4808 37000
4809 38000
4804 39000
4799 40000
4784 41000
4780 42000
4778 43000
4770 44000
4766 45000
4768 46000
4762 47000
4766 48000
4761 49000
4755 50000
4757 51000
4750 52000
4750 53000
4740 54000
4746 55000
4733 56000
4732 57000
4731 58000
4728 59000
4733 60000
4726 61000
4727 62000
4723 63000
4715 64000
4717 65000
4716 66000
4720 67000
4717 68000
4717 69000
4715 70000
4712 71000
4711 72000
4707 73000
4712 74000
4703 75000
4705 76000
4709 77000
4710 78000
4709 79000
4704 80000
4697 81000
4692 82000
4694 83000
4685 84000
4686 85000
4664 86000
4657 87000
4654 88000
4651 89000
4655 90000
4648 91000
4648 92000
4642 93000
4632 94000
4623 95000
4619 96000
4617 97000
4615 98000
4598 99000
4589 100000
4582 101000
4574 102000
4561 103000
4547 104000
4537 105000
4524 106000
4518 107000
4499 108000
4484 109000
4470 110000
4457 111000
4454 112000
4449 113000
4448 114000
4427 115000
4413 116000
4407 117000
4402 118000
4389 119000
4377 120000
4360 121000
4357 122000
4350 123000
4339 124000
4324 125000
4326 126000
4339 127000
4333 128000
4327 129000
4316 130000
4282 131000
4277 132000
4269 133000
4258 134000
4249 135000
4253 136000
4260 137000
4263 138000
4247 139000
4246 140000
4248 141000
4248 142000
4231 143000
4226 144000
4217 145000
4211 146000
4204 147000
4197 148000
4186 149000
4183 150000
4181 151000
4179 152000
4165 153000
4163 154000
4163 155000
4160 156000
4154 157000
4156 158000
4146 159000
4147 160000
4138 161000
4137 162000
4135 163000
4134 164000
4125 165000
4131 166000
4126 167000
4129 168000
4127 169000
4121 170000
4117 171000
4113 172000
4112 173000
4121 174000
4112 175000
4113 176000
4109 177000
4116 178000
4112 179000
4111 180000
4111 181000
4108 182000
4103 183000
4097 184000
4096 185000
4093 186000
4088 187000
4083 188000
4079 189000
4071 190000
4074 191000
4073 192000
4064 193000
4054 194000
4060 195000
4054 196000
4060 197000
4049 198000
4042 199000
4026 200000
4032 201000
4020 202000
4022 203000
4017 204000
4010 205000
4001 206000
3981 207000
3959 208000
3951 209000
3943 210000
3936 211000
3922 212000
3902 213000
3891 214000
3877 215000
3860 216000
3837 217000
3814 218000
3805 219000
3809 220000
3801 221000
3810 222000
3752 223000
3747 224000
3742 225000
3735 226000
3722 227000
3713 228000
3679 229000
3662 230000
3662 231000
3650 232000
3647 233000
3631 234000
3634 235000
3617 236000
3629 237000
3607 238000
3600 239000
3610 240000
3607 241000
3605 242000
3610 243000
3588 244000
3579 245000
3565 246000
3555 247000
3558 248000
3532 249000
3521 250000
3516 251000
3513 252000
3500 253000
3492 254000
3482 255000
3468 256000
3458 257000
3453 258000
3441 259000
3438 260000
3431 261000
3421 262000
3415 263000
3410 264000
3417 265000
3400 266000
3395 267000
3398 268000
3389 269000
3385 270000
3380 271000
3370 272000
3375 273000
3374 274000
3364 275000
3361 276000
3350 277000
3348 278000
3343 279000
3335 280000
3336 281000
3335 282000
3333 283000
3331 284000
3322 285000
3316 286000
3316 287000
3306 288000
3309 289000
3303 290000
3291 291000
3292 292000
3293 293000
3291 294000
3289 295000
3288 296000
3291 297000
3284 298000
3283 299000
3275 300000
3268 301000
3262 302000
3264 303000
3257 304000
3254 305000
3241 306000
3233 307000
3222 308000
3211 309000
3206 310000
3207 311000
3184 312000
3179 313000
3169 314000
3157 315000
3149 316000
3143 317000
3125 318000
3102 319000
3085 320000
3068 321000
3052 322000
3041 323000
3033 324000
3030 325000
3014 326000
3002 327000
2996 328000
2985 329000
2975 330000
2963 331000
2960 332000
2948 333000
2949 334000
2940 335000
2923 336000
2913 337000
2893 338000
2886 339000
2896 340000
2899 341000
2878 342000
2840 343000
2814 344000
2791 345000
2787 346000
2776 347000
2755 348000
2735 349000
2730 350000
2725 351000
2735 352000
2720 353000
2705 354000
2688 355000
2673 356000
2666 357000
2658 358000
2656 359000
2650 360000
2636 361000
2620 362000
2619 363000
2610 364000
2604 365000
2593 366000
2596 367000
2586 368000
2575 369000
2570 370000
2565 371000
2561 372000
2558 373000
2562 374000
2557 375000
2547 376000
2544 377000
2540 378000
2530 379000
2534 380000
2531 381000
2524 382000
2520 383000
2519 384000
2523 385000
2512 386000
2506 387000
2511 388000
2509 389000
2501 390000
2485 391000
2486 392000
2483 393000
2485 394000
2485 395000
2476 396000
2479 397000
2473 398000
2473 399000
2473 400000
2473 401000
2475 402000
2465 403000
2466 404000
2467 405000
2465 406000
2472 407000
2460 408000
2460 409000
2457 410000
2451 411000
2446 412000
2437 413000
2434 414000
2421 415000
2416 416000
2410 417000
2406 418000
2391 419000
2377 420000
2373 421000
2364 422000
2348 423000
2313 424000
2294 425000
2284 426000
2297 427000
2278 428000
2269 429000
2260 430000
2260 431000
2243 432000
2232 433000
2223 434000
2208 435000
2205 436000
2198 437000
2191 438000
2181 439000
2169 440000
2166 441000
2155 442000
2144 443000
2139 444000
2126 445000
2119 446000
2107 447000
2090 448000
2079 449000
2066 450000
2054 451000
2043 452000
2030 453000
2014 454000
2002 455000
1987 456000
1973 457000
1965 458000
1948 459000
1937 460000
1926 461000
1911 462000
1901 463000
1890 464000
1874 465000
1864 466000
1850 467000
1837 468000
1831 469000
1838 470000
1825 471000
1825 472000
1816 473000
1813 474000
1806 475000
1798 476000
1767 477000
1759 478000
1755 479000
1749 480000
1745 481000
1745 482000
1745 483000
1733 484000
1734 485000
1728 486000
1727 487000
1725 488000
1726 489000
1725 490000
1725 491000
1726 492000
1717 493000
1715 494000
1714 495000
1716 496000
1713 497000
1712 498000
1711 499000
1704 500000
1702 501000
1704 502000
1701 503000
1696 504000
1692 505000
1688 506000
1690 507000
1685 508000
1679 509000
1680 510000
1674 511000
1670 512000
1668 513000
1667 514000
1662 515000
1658 516000
1653 517000
1648 518000
1643 519000
1638 520000
1632 521000
1627 522000
1620 523000
1610 524000
1604 525000
1586 526000
1592 527000
1577 528000
1577 529000
1572 530000
1567 531000
1558 532000
1554 533000
1545 534000
1541 535000
1536 536000
1528 537000
1520 538000
1515 539000
1505 540000
1500 541000
1489 542000
1483 543000
1475 544000
1466 545000
1455 546000
1447 547000
1436 548000
1428 549000
1414 550000
1407 551000
1394 552000
1384 553000
1374 554000
1366 555000
1351 556000
1340 557000
1327 558000
1319 559000
1309 560000
1298 561000
1285 562000
1275 563000
1261 564000
1251 565000
1242 566000
1231 567000
1222 568000
1211 569000
1205 570000
1190 571000
1184 572000
1174 573000
1162 574000
1159 575000
1145 576000
1134 577000
1124 578000
1117 579000
1103 580000
1102 581000
1100 582000
1098 583000
1089 584000
1089 585000
1086 586000
1086 587000
1077 588000
1074 589000
1069 590000
1065 591000
1057 592000
1051 593000
1044 594000
1043 595000
1042 596000
1036 597000
1034 598000
1030 599000
1028 600000
1027 601000
1026 602000
1028 603000
1028 604000
1024 605000
1023 606000
1022 607000
1023 608000
1019 609000
1017 610000
1017 611000
1017 612000
1013 613000
1011 614000
1007 615000
1004 616000
1003 617000
1002 618000
999 619000
