4985 -48960
4989 -47960
4981 -46960
4976 -45960
4973 -44960
4968 -43960
4970 -42960
4971 -41960
4963 -40960
4956 -39960
4957 -38960
4958 -37960
4959 -36960
4958 -35960
4951 -34960
4956 -33960
4954 -32960
4952 -31960
4955 -30960
4947 -29960
4952 -28960
4951 -27960
4948 -26960
4945 -25960
4950 -24960
4942 -23960
4943 -22960
4944 -21960
4945 -20960
4938 -19960
4938 -18960
4934 -17960
4933 -16960
4930 -15960
4928 -14960
4927 -13960
4929 -12960
4930 -11960
4935 -10960
4922 -9960
4929 -8960
4926 -7960
4927 -6960
4926 -5960
4927 -4960
4924 -3960
4915 -2960
4923 -1960
4926 -960
4925 40
4922 1040
4918 2040
4912 3040
4915 4040
4907 5040
4908 6040
4906 7040
4923 8040
4919 9040
4916 10040
4917 11040
4911 12040
4912 13040
4913 14040
4911 15040
4907 16040
4912 17040
4909 18040
4906 19040
4898 20040
4905 21040
4913 22040
4908 23040
4905 24040
4914 25040
4910 26040
4909 27040
4911 28040
4901 29040
4902 30040
4903 31040
4894 32040
4892 33040
4886 34040
4882 35040
4887 36040
4874 37040
4870 38040
4877 39040
4875 40040
4867 41040
4868 42040
4867 43040
4862 44040
4865 45040
4862 46040
4856 47040
4853 48040
4856 49040
4849 50040
4846 51040
4851 52040
4843 53040
4843 54040
4847 55040
4842 56040
4838 57040
4834 58040
4829 59040
4838 60040
4826 61040
4830 62040
4831 63040
4819 64040
4826 65040
4823 66040
4823 67040
4820 68040
4817 69040
4816 70040
4815 71040
4814 72040
4808 73040
4807 74040
4807 75040
4795 76040
4803 77040
4798 78040
4795 79040
4793 80040
4789 81040
4791 82040
4787 83040
4791 84040
4787 85040
4782 86040
4777 87040
4776 88040
4777 89040
4774 90040
4775 91040
4775 92040
4770 93040
4765 94040
4768 95040
4772 96040
4769 97040
4777 98040
4768 99040
4765 100040
4766 101040
4771 102040
4763 103040
4760 104040
4760 105040
4755 106040
4763 107040
4763 108040
4752 109040
4748 110040
4746 111040
4748 112040
4742 113040
4735 114040
4735 115040
4732 116040
4729 117040
4735 118040
4722 119040
4724 120040
4726 121040
4722 122040
4725 123040
4718 124040
4722 125040
4714 126040
4713 127040
4713 128040
4706 129040
4711 130040
4707 131040
4712 132040
4713 133040
4715 134040
4713 135040
4710 136040
4712 137040
4712 138040
4711 139040
4709 140040
4706 141040
4709 142040
4711 143040
4709 144040
4713 145040
4715 146040
4712 147040
4714 148040
4708 149040
4706 150040
4696 151040
4703 152040
4694 153040
4694 154040
4694 155040
4696 156040
4701 157040
4700 158040
4694 159040
4701 160040
4701 161040
4698 162040
4703 163040
4709 164040
4710 165040
4704 166040
4705 167040
4698 168040
4693 169040
4684 170040
4683 171040
4678 172040
4670 173040
4670 174040
4670 175040
4664 176040
4667 177040
4663 178040
4653 179040
4656 180040
4646 181040
4643 182040
4641 183040
4639 184040
4644 185040
4645 186040
4648 187040
4647 188040
4649 189040
4644 190040
4644 191040
4641 192040
4636 193040
4637 194040
4637 195040
4637 196040
4634 197040
4636 198040
4635 199040
4630 200040
4630 201040
4627 202040
4624 203040
4628 204040
4621 205040
4614 206040
4625 207040
4620 208040
4620 209040
4623 210040
4615 211040
4619 212040
4613 213040
4616 214040
4615 215040
4616 216040
4617 217040
4613 218040
4611 219040
4607 220040
4602 221040
4603 222040
4604 223040
4604 224040
4603 225040
4601 226040
4593 227040
4592 228040
4588 229040
4582 230040
4582 231040
4573 232040
4573 233040
4572 234040
4571 235040
4561 236040
4559 237040
4554 238040
4547 239040
4541 240040
4543 241040
4539 242040
4534 243040
4529 244040
4524 245040
4517 246040
4512 247040
4511 248040
4505 249040
4506 250040
4499 251040
4496 252040
4490 253040
4490 254040
4484 255040
4484 256040
4484 257040
4481 258040
4488 259040
4483 260040
4489 261040
4487 262040
4492 263040
4488 264040
4496 265040
4490 266040
4489 267040
4491 268040
4489 269040
4484 270040
4481 271040
4473 272040
4477 273040
4468 274040
4463 275040
4455 276040
4451 277040
4454 278040
4448 279040
4448 280040
4451 281040
4452 282040
4442 283040
4437 284040
4441 285040
4436 286040
4434 287040
4437 288040
4426 289040
4424 290040
4427 291040
4425 292040
4423 293040
4423 294040
4428 295040
4425 296040
4422 297040
4422 298040
4428 299040
4415 300040
4411 301040
4411 302040
4401 303040
4400 304040
4391 305040
4384 306040
4383 307040
4375 308040
4372 309040
4364 310040
4364 311040
4363 312040
4365 313040
4374 314040
4373 315040
4370 316040
4364 317040
4362 318040
4359 319040
4359 320040
4360 321040
4362 322040
4362 323040
4367 324040
4364 325040
4354 326040
4353 327040
4353 328040
4348 329040
4340 330040
4344 331040
4340 332040
4344 333040
4336 334040
4331 335040
4336 336040
4334 337040
4331 338040
4327 339040
4328 340040
4332 341040
4317 342040
4317 343040
4315 344040
4319 345040
4313 346040
4306 347040
4302 348040
4302 349040
4297 350040
4292 351040
4299 352040
4287 353040
4284 354040
4274 355040
4277 356040
4265 357040
4269 358040
4263 359040
4269 360040
4274 361040
4275 362040
4285 363040
4291 364040
4281 365040
4280 366040
4284 367040
4284 368040
4275 369040
4276 370040
4272 371040
4274 372040
4271 373040
4274 374040
4273 375040
4269 376040
4261 377040
4254 378040
4245 379040
4245 380040
4233 381040
4237 382040
4236 383040
4233 384040
4234 385040
4234 386040
4231 387040
4226 388040
4230 389040
4225 390040
4223 391040
4226 392040
4228 393040
4239 394040
4239 395040
4247 396040
4242 397040
4244 398040
4236 399040
4233 400040
4235 401040
4236 402040
4229 403040
4233 404040
4224 405040
4220 406040
4213 407040
4203 408040
4203 409040
4191 410040
4200 411040
4197 412040
4192 413040
4198 414040
4204 415040
4205 416040
4203 417040
4208 418040
4206 419040
4207 420040
4211 421040
4205 422040
4207 423040
4208 424040
4208 425040
4212 426040
4207 427040
4204 428040
4203 429040
4204 430040
4204 431040
4205 432040
4199 433040
4203 434040
4194 435040
4196 436040
4188 437040
4195 438040
4191 439040
4184 440040
4180 441040
4176 442040
4176 443040
4181 444040
4177 445040
4174 446040
4178 447040
4174 448040
4176 449040
4171 450040
4176 451040
4171 452040
4170 453040
4167 454040
4171 455040
4164 456040
4161 457040
4164 458040
4167 459040
4159 460040
4164 461040
4165 462040
4161 463040
4161 464040
4166 465040
4170 466040
4165 467040
4168 468040
4167 469040
4171 470040
4168 471040
4165 472040
4163 473040
4165 474040
4164 475040
4163 476040
4165 477040
4166 478040
4170 479040
4173 480040
4172 481040
4174 482040
4166 483040
4169 484040
4165 485040
4167 486040
4164 487040
4163 488040
4164 489040
4159 490040
4161 491040
4154 492040
4149 493040
4151 494040
4153 495040
4152 496040
4145 497040
4148 498040
4139 499040
4140 500040
4138 501040
4140 502040
4139 503040
4136 504040
4134 505040
4133 506040
4131 507040
4131 508040
4126 509040
4124 510040
4122 511040
4117 512040
4119 513040
4117 514040
4111 515040
4118 516040
4116 517040
4119 518040
4109 519040
4108 520040
4102 521040
4106 522040
4096 523040
4101 524040
4092 525040
4092 526040
4098 527040
4095 528040
4091 529040
4093 530040
4093 531040
4081 532040
4083 533040
4079 534040
4076 535040
4078 536040
4079 537040
4075 538040
4073 539040
4066 540040
4063 541040
4059 542040
4057 543040
4060 544040
4052 545040
4050 546040
4050 547040
4042 548040
4044 549040
4042 550040
4034 551040
4031 552040
4023 553040
4027 554040
4017 555040
4018 556040
4017 557040
4015 558040
4011 559040
4012 560040
4002 561040
4004 562040
4000 563040
3996 564040
3992 565040
3994 566040
3992 567040
3985 568040
3982 569040
3973 570040
3971 571040
3963 572040
3960 573040
3956 574040
3956 575040
3957 576040
3951 577040
3939 578040
3940 579040
3941 580040
3941 581040
3935 582040
3936 583040
3927 584040
3927 585040
3920 586040
3919 587040
3919 588040
3914 589040
3915 590040
3912 591040
3903 592040
3899 593040
3892 594040
3891 595040
3888 596040
3885 597040
3874 598040
3869 599040
3864 600040
3864 601040
3857 602040
3847 603040
3843 604040
3842 605040
3841 606040
3835 607040
3831 608040
3826 609040
3825 610040
3812 611040
3810 612040
3809 613040
3806 614040
3798 615040
3798 616040
3790 617040
3787 618040
3786 619040
3778 620040
3771 621040
3768 622040
3771 623040
3765 624040
3757 625040
3756 626040
3763 627040
3758 628040
3750 629040
3748 630040
3743 631040
3742 632040
3742 633040
3737 634040
3731 635040
3735 636040
3729 637040
3734 638040
3727 639040
3723 640040
3722 641040
3717 642040
3717 643040
3718 644040
3715 645040
3710 646040
3705 647040
3703 648040
3705 649040
3699 650040
3692 651040
3693 652040
3695 653040
3685 654040
3686 655040
3676 656040
3679 657040
3673 658040
3676 659040
3671 660040
3664 661040
3664 662040
3663 663040
3652 664040
3653 665040
3654 666040
3651 667040
3651 668040
3652 669040
3641 670040
3639 671040
3644 672040
3637 673040
3640 674040
3640 675040
3635 676040
3639 677040
3635 678040
3633 679040
3632 680040
3628 681040
3633 682040
3624 683040
3625 684040
3617 685040
3618 686040
3612 687040
3612 688040
3615 689040
3613 690040
3608 691040
3600 692040
3594 693040
3586 694040
3587 695040
3583 696040
3578 697040
3575 698040
3576 699040
3582 700040
3579 701040
3579 702040
3575 703040
3575 704040
3576 705040
3566 706040
3568 707040
3573 708040
3564 709040
3563 710040
3562 711040
3554 712040
3559 713040
3549 714040
3548 715040
3545 716040
3546 717040
3544 718040
3545 719040
3535 720040
3530 721040
3526 722040
3527 723040
3524 724040
3522 725040
3525 726040
3521 727040
3514 728040
3510 729040
3513 730040
3514 731040
3509 732040
3511 733040
3511 734040
3506 735040
3508 736040
3509 737040
3508 738040
3509 739040
3503 740040
3500 741040
3498 742040
3493 743040
3494 744040
3500 745040
3492 746040
3490 747040
3500 748040
3490 749040
3491 750040
3486 751040
3494 752040
3489 753040
3488 754040
3484 755040
3481 756040
3482 757040
3475 758040
3478 759040
3475 760040
3475 761040
3473 762040
3466 763040
3466 764040
3463 765040
3460 766040
3472 767040
3464 768040
3467 769040
3459 770040
3473 771040
3463 772040
3470 773040
3467 774040
3471 775040
3470 776040
3468 777040
3470 778040
3478 779040
3476 780040
3476 781040
3480 782040
3476 783040
3480 784040
3482 785040
3475 786040
3480 787040
3480 788040
3483 789040
3485 790040
3478 791040
3481 792040
3476 793040
3470 794040
3469 795040
3473 796040
3467 797040
3468 798040
3464 799040
3462 800040
3465 801040
3461 802040
3467 803040
3460 804040
3462 805040
3460 806040
3454 807040
3454 808040
3458 809040
3453 810040
3449 811040
3450 812040
3454 813040
3447 814040
3453 815040
3449 816040
3454 817040
3453 818040
3451 819040
3450 820040
3449 821040
3450 822040
3449 823040
3448 824040
3441 825040
3450 826040
3445 827040
3444 828040
3440 829040
3437 830040
3438 831040
3433 832040
3428 833040
3431 834040
3434 835040
3429 836040
3426 837040
3425 838040
3425 839040
3415 840040
3411 841040
3407 842040
3412 843040
3407 844040
3403 845040
3408 846040
3400 847040
3393 848040
3394 849040
3394 850040
3390 851040
3395 852040
3386 853040
3385 854040
3376 855040
3376 856040
3371 857040
3372 858040
3373 859040
3367 860040
3371 861040
3365 862040
3364 863040
3355 864040
3357 865040
3354 866040
3348 867040
3346 868040
3342 869040
3338 870040
3338 871040
3333 872040
3331 873040
3332 874040
3333 875040
3333 876040
3324 877040
3324 878040
3323 879040
3321 880040
3314 881040
3312 882040
3312 883040
3303 884040
3307 885040
3299 886040
3304 887040
3298 888040
3295 889040
3287 890040
3286 891040
3284 892040
3273 893040
3277 894040
3267 895040
3262 896040
3256 897040
3254 898040
3247 899040
3240 900040
3242 901040
3239 902040
3236 903040
3231 904040
3221 905040
3224 906040
3211 907040
3212 908040
3202 909040
3194 910040
3197 911040
3193 912040
3187 913040
3186 914040
3175 915040
3172 916040
3173 917040
3170 918040
3167 919040
3163 920040
3160 921040
3149 922040
3150 923040
3147 924040
3135 925040
3129 926040
3129 927040
3124 928040
3114 929040
3110 930040
3100 931040
3099 932040
3089 933040
3089 934040
3093 935040
3087 936040
3082 937040
3079 938040
3087 939040
3080 940040
3072 941040
3073 942040
3067 943040
3063 944040
3062 945040
3062 946040
3058 947040
3047 948040
3048 949040
3035 950040
3035 951040
3034 952040
3027 953040
3029 954040
3029 955040
3019 956040
3025 957040
3021 958040
3012 959040
3016 960040
3021 961040
3010 962040
3009 963040
3011 964040
3012 965040
3003 966040
3002 967040
2998 968040
2999 969040
2994 970040
2990 971040
2992 972040
2987 973040
2985 974040
2985 975040
2974 976040
2979 977040
2969 978040
2972 979040
2966 980040
2963 981040
2961 982040
2961 983040
2951 984040
2948 985040
2947 986040
2943 987040
2939 988040
2932 989040
2929 990040
2926 991040
2926 992040
2924 993040
2918 994040
2916 995040
2912 996040
2915 997040
2905 998040
2901 999040
2897 1000040
2901 1001040
2896 1002040
2891 1003040
2895 1004040
2892 1005040
2888 1006040
2885 1007040
2884 1008040
2883 1009040
2879 1010040
2874 1011040
2874 1012040
2874 1013040
2874 1014040
2867 1015040
2863 1016040
2859 1017040
2856 1018040
2854 1019040
2845 1020040
2839 1021040
2838 1022040
2831 1023040
2828 1024040
2816 1025040
2809 1026040
2803 1027040
2802 1028040
2800 1029040
2800 1030040
2795 1031040
2798 1032040
2792 1033040
2794 1034040
2788 1035040
2785 1036040
2777 1037040
2777 1038040
2777 1039040
2771 1040040
2768 1041040
2758 1042040
2757 1043040
2753 1044040
2751 1045040
2744 1046040
2741 1047040
2737 1048040
2735 1049040
2735 1050040
2728 1051040
2724 1052040
2725 1053040
2721 1054040
2723 1055040
2721 1056040
2716 1057040
2715 1058040
2711 1059040
2710 1060040
2708 1061040
2704 1062040
2703 1063040
2695 1064040
2696 1065040
2695 1066040
2693 1067040
2692 1068040
2692 1069040
2684 1070040
2684 1071040
2682 1072040
2681 1073040
2680 1074040
2680 1075040
2679 1076040
2682 1077040
2672 1078040
2669 1079040
2665 1080040
2663 1081040
2656 1082040
2657 1083040
2657 1084040
2654 1085040
2652 1086040
2650 1087040
2645 1088040
2647 1089040
2642 1090040
2643 1091040
2637 1092040
2638 1093040
2630 1094040
2625 1095040
2624 1096040
2627 1097040
2625 1098040
2618 1099040
2616 1100040
2617 1101040
2612 1102040
2610 1103040
2608 1104040
2605 1105040
2605 1106040
2602 1107040
2603 1108040
2600 1109040
2597 1110040
2593 1111040
2594 1112040
2588 1113040
2586 1114040
2585 1115040
2577 1116040
2577 1117040
2573 1118040
2574 1119040
2569 1120040
2566 1121040
2561 1122040
2565 1123040
2561 1124040
2552 1125040
2552 1126040
2548 1127040
2543 1128040
2545 1129040
2538 1130040
2537 1131040
2537 1132040
2531 1133040
2532 1134040
2531 1135040
2526 1136040
2527 1137040
2521 1138040
2517 1139040
2513 1140040
2509 1141040
2506 1142040
2505 1143040
2502 1144040
2498 1145040
2493 1146040
2497 1147040
2492 1148040
2486 1149040
2485 1150040
2481 1151040
2477 1152040
2474 1153040
2472 1154040
2471 1155040
2469 1156040
2460 1157040
2455 1158040
2455 1159040
2454 1160040
2453 1161040
2451 1162040
2451 1163040
2443 1164040
2448 1165040
2440 1166040
2437 1167040
2436 1168040
2435 1169040
2434 1170040
2429 1171040
2424 1172040
2421 1173040
2421 1174040
2418 1175040
2417 1176040
2416 1177040
2416 1178040
2412 1179040
2411 1180040
2410 1181040
2407 1182040
2407 1183040
2405 1184040
2403 1185040
2391 1186040
2390 1187040
2394 1188040
2390 1189040
2389 1190040
2386 1191040
2384 1192040
2380 1193040
2377 1194040
2375 1195040
2374 1196040
2373 1197040
2369 1198040
2369 1199040
2368 1200040
2359 1201040
2361 1202040
2361 1203040
2358 1204040
2357 1205040
2352 1206040
2348 1207040
2349 1208040
2342 1209040
2345 1210040
2344 1211040
2339 1212040
2337 1213040
2334 1214040
2335 1215040
2330 1216040
2328 1217040
2331 1218040
2322 1219040
2324 1220040
2317 1221040
2313 1222040
2306 1223040
2299 1224040
2294 1225040
2291 1226040
2286 1227040
2283 1228040
2277 1229040
2271 1230040
2265 1231040
2263 1232040
2262 1233040
2261 1234040
2250 1235040
2252 1236040
2239 1237040
2234 1238040
2232 1239040
2227 1240040
2219 1241040
2211 1242040
2212 1243040
2206 1244040
2200 1245040
2197 1246040
2193 1247040
2192 1248040
2186 1249040
2182 1250040
2177 1251040
2177 1252040
2176 1253040
2172 1254040
2168 1255040
2167 1256040
2160 1257040
2165 1258040
2163 1259040
2158 1260040
2159 1261040
2158 1262040
2157 1263040
2152 1264040
2151 1265040
2146 1266040
2138 1267040
2137 1268040
2135 1269040
2127 1270040
2127 1271040
2122 1272040
2115 1273040
2115 1274040
2108 1275040
2107 1276040
2104 1277040
2104 1278040
2095 1279040
2096 1280040
2095 1281040
2093 1282040
2089 1283040
2089 1284040
2090 1285040
2088 1286040
2087 1287040
2088 1288040
2083 1289040
2086 1290040
2084 1291040
2084 1292040
2082 1293040
2078 1294040
2079 1295040
2075 1296040
2072 1297040
2073 1298040
2073 1299040
2070 1300040
2065 1301040
2069 1302040
2065 1303040
2066 1304040
2065 1305040
2063 1306040
2060 1307040
2062 1308040
2058 1309040
2057 1310040
2056 1311040
2052 1312040
2049 1313040
2044 1314040
2042 1315040
2039 1316040
2040 1317040
2039 1318040
2034 1319040
2035 1320040
2031 1321040
2028 1322040
2028 1323040
2026 1324040
2025 1325040
2024 1326040
2022 1327040
2019 1328040
2018 1329040
2014 1330040
2012 1331040
2012 1332040
2010 1333040
2008 1334040
2009 1335040
2006 1336040
2003 1337040
2005 1338040
2001 1339040
2002 1340040
2002 1341040
1997 1342040
1996 1343040
1996 1344040
1991 1345040
1993 1346040
1989 1347040
1991 1348040
1989 1349040
1989 1350040
1985 1351040
1983 1352040
1979 1353040
1978 1354040
1976 1355040
1973 1356040
1973 1357040
1970 1358040
1967 1359040
1965 1360040
1960 1361040
1963 1362040
1961 1363040
1962 1364040
1959 1365040
1960 1366040
1960 1367040
1964 1368040
1955 1369040
1954 1370040
1954 1371040
1953 1372040
1950 1373040
1949 1374040
1948 1375040
1944 1376040
1945 1377040
1941 1378040
1937 1379040
1935 1380040
1934 1381040
1932 1382040
1926 1383040
1928 1384040
1926 1385040
1924 1386040
1923 1387040
1921 1388040
1925 1389040
1918 1390040
1918 1391040
1914 1392040
1911 1393040
1909 1394040
1909 1395040
1907 1396040
1906 1397040
1905 1398040
1898 1399040
1899 1400040
1897 1401040
1894 1402040
1888 1403040
1887 1404040
1886 1405040
1888 1406040
1886 1407040
1883 1408040
1881 1409040
1882 1410040
1879 1411040
1878 1412040
1879 1413040
1874 1414040
1871 1415040
1865 1416040
1862 1417040
1859 1418040
1860 1419040
1855 1420040
1855 1421040
1854 1422040
1853 1423040
1851 1424040
1853 1425040
1854 1426040
1852 1427040
1850 1428040
1849 1429040
1849 1430040
1845 1431040
1848 1432040
1849 1433040
1846 1434040
1843 1435040
1842 1436040
1844 1437040
1841 1438040
1839 1439040
1840 1440040
1841 1441040
1842 1442040
1838 1443040
1840 1444040
1838 1445040
1831 1446040
1833 1447040
1832 1448040
1833 1449040
1832 1450040
1829 1451040
1827 1452040
1828 1453040
1828 1454040
1825 1455040
1822 1456040
1824 1457040
1820 1458040
1818 1459040
1817 1460040
1816 1461040
1812 1462040
1810 1463040
1812 1464040
1809 1465040
1807 1466040
1805 1467040
1800 1468040
1800 1469040
1795 1470040
1793 1471040
1792 1472040
1791 1473040
1787 1474040
1785 1475040
1783 1476040
1781 1477040
1779 1478040
1781 1479040
1777 1480040
1777 1481040
1774 1482040
1771 1483040
1768 1484040
1768 1485040
1763 1486040
1763 1487040
1757 1488040
1755 1489040
1751 1490040
1748 1491040
1744 1492040
1741 1493040
1738 1494040
1738 1495040
1735 1496040
1731 1497040
1729 1498040
1723 1499040
1720 1500040
1714 1501040
1715 1502040
1711 1503040
1703 1504040
1704 1505040
1699 1506040
1695 1507040
1690 1508040
1686 1509040
1687 1510040
1689 1511040
1686 1512040
1683 1513040
1679 1514040
1674 1515040
1671 1516040
1668 1517040
1667 1518040
1662 1519040
1657 1520040
1650 1521040
1653 1522040
1646 1523040
1643 1524040
1640 1525040
1635 1526040
1633 1527040
1628 1528040
1624 1529040
1621 1530040
1616 1531040
1614 1532040
1607 1533040
1602 1534040
1600 1535040
1592 1536040
1587 1537040
1582 1538040
1579 1539040
1571 1540040
1570 1541040
1566 1542040
1569 1543040
1566 1544040
1561 1545040
1556 1546040
1553 1547040
1548 1548040
1544 1549040
1542 1550040
1538 1551040
1532 1552040
1529 1553040
1524 1554040
1520 1555040
1517 1556040
1520 1557040
1516 1558040
1512 1559040
1508 1560040
1508 1561040
1509 1562040
1506 1563040
1503 1564040
1501 1565040
1498 1566040
