4485 -175000
4488 -174000
4482 -173000
4478 -172000
4473 -171000
4467 -170000
4464 -169000
4473 -168000
4482 -167000
4489 -166000
4492 -165000
4486 -164000
4446 -163000
4400 -162000
4346 -161000
4350 -160000
4359 -159000
4353 -158000
4317 -157000
4332 -156000
4324 -155000
4299 -154000
4299 -153000
4314 -152000
4312 -151000
4296 -150000
4305 -149000
4306 -148000
4311 -147000
4309 -146000
4302 -145000
4304 -144000
4302 -143000
4307 -142000
4313 -141000
4278 -140000
4275 -139000
4275 -138000
4268 -137000
4265 -136000
4222 -135000
4218 -134000
4202 -133000
4201 -132000
4205 -131000
4198 -130000
4200 -129000
4185 -128000
4182 -127000
4172 -126000
4164 -125000
4157 -124000
4161 -123000
4157 -122000
4159 -121000
4146 -120000
4142 -119000
4132 -118000
4125 -117000
4123 -116000
4116 -115000
4116 -114000
4102 -113000
4086 -112000
4070 -111000
4040 -110000
4035 -109000
4019 -108000
3976 -107000
3959 -106000
3959 -105000
3957 -104000
3948 -103000
3939 -102000
3918 -101000
3911 -100000
3909 -99000
3912 -98000
3918 -97000
3918 -96000
3899 -95000
3900 -94000
3876 -93000
3869 -92000
3865 -91000
3867 -90000
3852 -89000
3842 -88000
3835 -87000
3830 -86000
3817 -85000
3803 -84000
3795 -83000
3790 -82000
3772 -81000
3761 -80000
3748 -79000
3733 -78000
3725 -77000
3710 -76000
3700 -75000
3691 -74000
3677 -73000
3665 -72000
3663 -71000
3652 -70000
3641 -69000
3637 -68000
3628 -67000
3619 -66000
3604 -65000
3587 -64000
3579 -63000
3573 -62000
3564 -61000
3549 -60000
3543 -59000
3531 -58000
3520 -57000
3508 -56000
3495 -55000
3471 -54000
3458 -53000
3439 -52000
3428 -51000
3415 -50000
3404 -49000
3396 -48000
3384 -47000
3372 -46000
3355 -45000
3339 -44000
3309 -43000
3300 -42000
3290 -41000
3279 -40000
3269 -39000
3254 -38000
3246 -37000
3238 -36000
3228 -35000
3221 -34000
3212 -33000
3204 -32000
3198 -31000
3192 -30000
3185 -29000
3169 -28000
3152 -27000
3127 -26000
3087 -25000
3087 -24000
3089 -23000
3083 -22000
3076 -21000
3071 -20000
3068 -19000
3065 -18000
3064 -17000
3057 -16000
3053 -15000
3048 -14000
3041 -13000
3035 -12000
3024 -11000
3016 -10000
2999 -9000
2977 -8000
2966 -7000
2949 -6000
2936 -5000
2749 -4000
2701 -3000
2674 -2000
2691 -1000
2687 0
2683 1000
2684 2000
2673 3000
2665 4000
2657 5000
2648 6000
2642 7000
2627 8000
2614 9000
2606 10000
2592 11000
2579 12000
2569 13000
2553 14000
2535 15000
2528 16000
2508 17000
2496 18000
2482 19000
2463 20000
2449 21000
2438 22000
2422 23000
2407 24000
2394 25000
2377 26000
2368 27000
2355 28000
2343 29000
2333 30000
2319 31000
2308 32000
2293 33000
2281 34000
2269 35000
2254 36000
2243 37000
2231 38000
2221 39000
2211 40000
2195 41000
2185 42000
2180 43000
2173 44000
2164 45000
2152 46000
2135 47000
2122 48000
2111 49000
2101 50000
2091 51000
2075 52000
2060 53000
2050 54000
2035 55000
2021 56000
2000 57000
1985 58000
1973 59000
1959 60000
1951 61000
1937 62000
1931 63000
1918 64000
1902 65000
1891 66000
1876 67000
1859 68000
1847 69000
1832 70000
1818 71000
1805 72000
1795 73000
1780 74000
1762 75000
1748 76000
1735 77000
1734 78000
1730 79000
1721 80000
1715 81000
1708 82000
1704 83000
1694 84000
1683 85000
1671 86000
1664 87000
1652 88000
1640 89000
1632 90000
1625 91000
1620 92000
1608 93000
1590 94000
1574 95000
1557 96000
1533 97000
1522 98000
1516 99000
1518 100000
1501 101000
1449 102000
1410 103000
1369 104000
1349 105000
1302 106000
1283 107000
1268 108000
1257 109000
1245 110000
1231 111000
1211 112000
1198 113000
1183 114000
1171 115000
1152 116000
1136 117000
1122 118000
1111 119000
1098 120000
1082 121000
1069 122000
1053 123000
1041 124000
1028 125000
1017 126000
1005 127000
987 128000
977 129000
967 130000
954 131000
943 132000
934 133000
919 134000
908 135000
896 136000
