5000 -9000
5000 -8000
5000 -7000
5000 -6000
5000 -5000
5000 -4000
5000 -3000
5000 -2000
5000 -1000
4995 0
4995 1000
4983 2000
4987 3000
4983 4000
4978 5000
4963 6000
4962 7000
4961 8000
4957 9000
4964 10000
4954 11000
4945 12000
4948 13000
4939 14000
4938 15000
4931 16000
4926 17000
4921 18000
4915 19000
4912 20000
4915 21000
4915 22000
4902 23000
4890 24000
4884 25000
4878 26000
4871 27000
4874 28000
4865 29000
4854 30000
4843 31000
4830 32000
4825 33000
4813 34000
4778 35000
4770 36000
4761 37000
4765 38000
4767 39000
4766 40000
4759 41000
4760 42000
4760 43000
4757 44000
4752 45000
4743 46000
4742 47000
4744 48000
4732 49000
4734 50000
4728 51000
4737 52000
4723 53000
4729 54000
4723 55000
4731 56000
4724 57000
4726 58000
4722 59000
4717 60000
4707 61000
4712 62000
4713 63000
4701 64000
4699 65000
4702 66000
4694 67000
4697 68000
4690 69000
4683 70000
4681 71000
4675 72000
4669 73000
4646 74000
4650 75000
4636 76000
4633 77000
4636 78000
4628 79000
4623 80000
4610 81000
4612 82000
4609 83000
4602 84000
4594 85000
4580 86000
4585 87000
4575 88000
4563 89000
4561 90000
4560 91000
4548 92000
4545 93000
4530 94000
4518 95000
4512 96000
4501 97000
4495 98000
4497 99000
4490 100000
4492 101000
4482 102000
4485 103000
4485 104000
4470 105000
4470 106000
4448 107000
4440 108000
4442 109000
4430 110000
4431 111000
4421 112000
4415 113000
4411 114000
4404 115000
4384 116000
4376 117000
4381 118000
4366 119000
4365 120000
4360 121000
4359 122000
4346 123000
4347 124000
4344 125000
4334 126000
4324 127000
4316 128000
4310 129000
4302 130000
4285 131000
4284 132000
4269 133000
4262 134000
4247 135000
4241 136000
4238 137000
4234 138000
4224 139000
4222 140000
4207 141000
4198 142000
4194 143000
4143 144000
4139 145000
4117 146000
4124 147000
4117 148000
4117 149000
4116 150000
4117 151000
4118 152000
4114 153000
4118 154000
4112 155000
4114 156000
4111 157000
4110 158000
4107 159000
4104 160000
4108 161000
4103 162000
4099 163000
4102 164000
4101 165000
4094 166000
4098 167000
4096 168000
4092 169000
4091 170000
4080 171000
4072 172000
4063 173000
4051 174000
4052 175000
4044 176000
4039 177000
4030 178000
4030 179000
4023 180000
4020 181000
4010 182000
4002 183000
3986 184000
3976 185000
3963 186000
3941 187000
3936 188000
3931 189000
3921 190000
3920 191000
3916 192000
3903 193000
3892 194000
3881 195000
3881 196000
3879 197000
3873 198000
3873 199000
3867 200000
3870 201000
3860 202000
3865 203000
3859 204000
3872 205000
3868 206000
3867 207000
3870 208000
3863 209000
3864 210000
3859 211000
3855 212000
3851 213000
3853 214000
3846 215000
3845 216000
3837 217000
3822 218000
3809 219000
3804 220000
3788 221000
3769 222000
3747 223000
3733 224000
3700 225000
3694 226000
3691 227000
3678 228000
3672 229000
3664 230000
3655 231000
3645 232000
3639 233000
3624 234000
3613 235000
3614 236000
3601 237000
3596 238000
3580 239000
3568 240000
3561 241000
3546 242000
3529 243000
3526 244000
3525 245000
3515 246000
3509 247000
3506 248000
3496 249000
3471 250000
3439 251000
3422 252000
3402 253000
3386 254000
3382 255000
3376 256000
3370 257000
3361 258000
3359 259000
3354 260000
3355 261000
3356 262000
3355 263000
3351 264000
3350 265000
3348 266000
3344 267000
3344 268000
3341 269000
3340 270000
3335 271000
3327 272000
3325 273000
3317 274000
3317 275000
3314 276000
3315 277000
3308 278000
3304 279000
3301 280000
3296 281000
3292 282000
3289 283000
3284 284000
3281 285000
3270 286000
3260 287000
3251 288000
3241 289000
3217 290000
3220 291000
3216 292000
3201 293000
3191 294000
3181 295000
3170 296000
3161 297000
3154 298000
3145 299000
3137 300000
3124 301000
3119 302000
3111 303000
3095 304000
3091 305000
3083 306000
3078 307000
3060 308000
3058 309000
3057 310000
3056 311000
3058 312000
3050 313000
3062 314000
3066 315000
3060 316000
3056 317000
3056 318000
3058 319000
3059 320000
3064 321000
3050 322000
3046 323000
3043 324000
3046 325000
3032 326000
2989 327000
2967 328000
2955 329000
2948 330000
2931 331000
2920 332000
2919 333000
2907 334000
2891 335000
2880 336000
2871 337000
2864 338000
2862 339000
2835 340000
2819 341000
2824 342000
2814 343000
2812 344000
2797 345000
2778 346000
2766 347000
2734 348000
2730 349000
2725 350000
2723 351000
2716 352000
2713 353000
2696 354000
2679 355000
2665 356000
2664 357000
2660 358000
2647 359000
2627 360000
2598 361000
2578 362000
2573 363000
2564 364000
2564 365000
2558 366000
2552 367000
2554 368000
2547 369000
2542 370000
2537 371000
2525 372000
2528 373000
2532 374000
2528 375000
2526 376000
2524 377000
2522 378000
2522 379000
2520 380000
2515 381000
2515 382000
2508 383000
2505 384000
2504 385000
2497 386000
2495 387000
2487 388000
2482 389000
2479 390000
2475 391000
2474 392000
2475 393000
2476 394000
2470 395000
2461 396000
2451 397000
2443 398000
2434 399000
2424 400000
2413 401000
2397 402000
2390 403000
2385 404000
2385 405000
2377 406000
2367 407000
2366 408000
2358 409000
2354 410000
2339 411000
2324 412000
2318 413000
2305 414000
2290 415000
2281 416000
2270 417000
2265 418000
2262 419000
2261 420000
2258 421000
2258 422000
2249 423000
2249 424000
2233 425000
2225 426000
2218 427000
2210 428000
2209 429000
2210 430000
2210 431000
2201 432000
2204 433000
2198 434000
2197 435000
2186 436000
2175 437000
2161 438000
2150 439000
2138 440000
2124 441000
2118 442000
2112 443000
2095 444000
2087 445000
2080 446000
2071 447000
2062 448000
2048 449000
2040 450000
2028 451000
2017 452000
2011 453000
2002 454000
1991 455000
1979 456000
1956 457000
1943 458000
1932 459000
1910 460000
1881 461000
1868 462000
1864 463000
1858 464000
1850 465000
1835 466000
1822 467000
1812 468000
1804 469000
1794 470000
1778 471000
1766 472000
1752 473000
1739 474000
1730 475000
1719 476000
1712 477000
1705 478000
1700 479000
1692 480000
1693 481000
1692 482000
1685 483000
1683 484000
1682 485000
1679 486000
1681 487000
1683 488000
1681 489000
1680 490000
1678 491000
1696 492000
1693 493000
1692 494000
1696 495000
1698 496000
1700 497000
1698 498000
1694 499000
1691 500000
1687 501000
1679 502000
1669 503000
1663 504000
1653 505000
1646 506000
1638 507000
1630 508000
1621 509000
1614 510000
1608 511000
1600 512000
1591 513000
1585 514000
1581 515000
1573 516000
1566 517000
1557 518000
1552 519000
1547 520000
1543 521000
1547 522000
1559 523000
1557 524000
1553 525000
1546 526000
1540 527000
1533 528000
1517 529000
1525 530000
1520 531000
1519 532000
1508 533000
1495 534000
1497 535000
1486 536000
1482 537000
1473 538000
1468 539000
1460 540000
1447 541000
1446 542000
1429 543000
1419 544000
1406 545000
1393 546000
1389 547000
1379 548000
1365 549000
1357 550000
1351 551000
1344 552000
1340 553000
1332 554000
1325 555000
1317 556000
1310 557000
1305 558000
1297 559000
1288 560000
1285 561000
1284 562000
1278 563000
1268 564000
1259 565000
1255 566000
1247 567000
1240 568000
1235 569000
1227 570000
1219 571000
1215 572000
1209 573000
1204 574000
1194 575000
1184 576000
1177 577000
1172 578000
1164 579000
1159 580000
1152 581000
1139 582000
1124 583000
1110 584000
1096 585000
1086 586000
1081 587000
1074 588000
1069 589000
1066 590000
1061 591000
1056 592000
1052 593000
1050 594000
1051 595000
1048 596000
1048 597000
1045 598000
1041 599000
1041 600000
1035 601000
1032 602000
1031 603000
1028 604000
1026 605000
1021 606000
1019 607000
1014 608000
1008 609000
1005 610000
999 611000
