4985 51002
4990 52002
4984 53002
4978 54002
4982 55002
4961 56002
4973 57002
4971 58002
4977 59002
4972 60002
4969 61002
4976 62002
4972 63002
4961 64002
4957 65002
4968 66002
4962 67002
4955 68002
4947 69002
4947 70002
4946 71002
4951 72002
4945 73002
4950 74002
4945 75002
4940 76002
4936 77002
4938 78002
4939 79002
4940 80002
4935 81002
4937 82002
4935 83002
4927 84002
4929 85002
4917 86002
4922 87002
4910 88002
4911 89002
4915 90002
4914 91002
4907 92002
4910 93002
4914 94002
4911 95002
4921 96002
4912 97002
4918 98002
4904 99002
4912 100002
4903 101002
4906 102002
4898 103002
4904 104002
4899 105002
4900 106002
4893 107002
4902 108002
4902 109002
4899 110002
4891 111002
4904 112002
4910 113002
4895 114002
4906 115002
4896 116002
4908 117002
4900 118002
4894 119002
4898 120002
4892 121002
4892 122002
4890 123002
4897 124002
4888 125002
4886 126002
4874 127002
4878 128002
4878 129002
4884 130002
4886 131002
4880 132002
4879 133002
4868 134002
4870 135002
4873 136002
4873 137002
4873 138002
4871 139002
4869 140002
4869 141002
4858 142002
4864 143002
4852 144002
4853 145002
4845 146002
4840 147002
4840 148002
4826 149002
4820 150002
4821 151002
4821 152002
4818 153002
4823 154002
4809 155002
4800 156002
4802 157002
4792 158002
4790 159002
4800 160002
4799 161002
4803 162002
4792 163002
4792 164002
4776 165002
4788 166002
4788 167002
4793 168002
4792 169002
4781 170002
4793 171002
4791 172002
4792 173002
4798 174002
4790 175002
4790 176002
4788 177002
4789 178002
4788 179002
4796 180002
4785 181002
4793 182002
4787 183002
4783 184002
4798 185002
4776 186002
4792 187002
4798 188002
4791 189002
4797 190002
4794 191002
4799 192002
4798 193002
4802 194002
4792 195002
4801 196002
4801 197002
4799 198002
4797 199002
4796 200002
4797 201002
4789 202002
4791 203002
4784 204002
4786 205002
4777 206002
4771 207002
4760 208002
4758 209002
4764 210002
4757 211002
4755 212002
4751 213002
4747 214002
4747 215002
4742 216002
4742 217002
4738 218002
4726 219002
4742 220002
4723 221002
4722 222002
4727 223002
4724 224002
4728 225002
4727 226002
4723 227002
4734 228002
4727 229002
4720 230002
4718 231002
4716 232002
4718 233002
4713 234002
4718 235002
4721 236002
4713 237002
4716 238002
4713 239002
4718 240002
4720 241002
4721 242002
4718 243002
4717 244002
4705 245002
4705 246002
4712 247002
4712 248002
4702 249002
4705 250002
4702 251002
4698 252002
4705 253002
4699 254002
4691 255002
4689 256002
4687 257002
4686 258002
4680 259002
4680 260002
4678 261002
4672 262002
4662 263002
4660 264002
4654 265002
4651 266002
4651 267002
4646 268002
4643 269002
4641 270002
4630 271002
4623 272002
4624 273002
4614 274002
4618 275002
4618 276002
4604 277002
4601 278002
4592 279002
4595 280002
4595 281002
4584 282002
4582 283002
4579 284002
4575 285002
4574 286002
4562 287002
4557 288002
4553 289002
4550 290002
4550 291002
4548 292002
4538 293002
4543 294002
4537 295002
4540 296002
4544 297002
4537 298002
4537 299002
4533 300002
4521 301002
4522 302002
4514 303002
4522 304002
4519 305002
4517 306002
4522 307002
4507 308002
4515 309002
4511 310002
4519 311002
4522 312002
4526 313002
4519 314002
4515 315002
4515 316002
4506 317002
4509 318002
4516 319002
4513 320002
4495 321002
4476 322002
4480 323002
4501 324002
4502 325002
4495 326002
4486 327002
4491 328002
4492 329002
4479 330002
4477 331002
4480 332002
4471 333002
4467 334002
4469 335002
4470 336002
4458 337002
4458 338002
4448 339002
4451 340002
4444 341002
4439 342002
4438 343002
4436 344002
4434 345002
4422 346002
4419 347002
4415 348002
4411 349002
4408 350002
4404 351002
4398 352002
4388 353002
4381 354002
4377 355002
4372 356002
4370 357002
4368 358002
4361 359002
4364 360002
4355 361002
4354 362002
4351 363002
4340 364002
4337 365002
4338 366002
4341 367002
4331 368002
4333 369002
4334 370002
4332 371002
4325 372002
4318 373002
4318 374002
4322 375002
4314 376002
4311 377002
4309 378002
4306 379002
4314 380002
4316 381002
4313 382002
4305 383002
4308 384002
4307 385002
4304 386002
4309 387002
4308 388002
4310 389002
4309 390002
4310 391002
4308 392002
4303 393002
4301 394002
4304 395002
4298 396002
4299 397002
4299 398002
4293 399002
4290 400002
4293 401002
4289 402002
4293 403002
4286 404002
4289 405002
4290 406002
4280 407002
4285 408002
4286 409002
4289 410002
4280 411002
4288 412002
4282 413002
4278 414002
4282 415002
4277 416002
4283 417002
4277 418002
4279 419002
4273 420002
4280 421002
4285 422002
4281 423002
4280 424002
4267 425002
4267 426002
4272 427002
4288 428002
4271 429002
4280 430002
4278 431002
4277 432002
4267 433002
4273 434002
4271 435002
4266 436002
4267 437002
4269 438002
4262 439002
4266 440002
4273 441002
4267 442002
4262 443002
4260 444002
4261 445002
4259 446002
4268 447002
4263 448002
4259 449002
4257 450002
4249 451002
4257 452002
4253 453002
4251 454002
4243 455002
4258 456002
4253 457002
4262 458002
4250 459002
4254 460002
4266 461002
4255 462002
4273 463002
4268 464002
4270 465002
4266 466002
4276 467002
4271 468002
4273 469002
4263 470002
4275 471002
4261 472002
4266 473002
4273 474002
4259 475002
4269 476002
4266 477002
4257 478002
4262 479002
4263 480002
4261 481002
4260 482002
4254 483002
4251 484002
4251 485002
4249 486002
4242 487002
4241 488002
4239 489002
4231 490002
4229 491002
4228 492002
4216 493002
4223 494002
4224 495002
4219 496002
4214 497002
4206 498002
4208 499002
4205 500002
4206 501002
4199 502002
4192 503002
4178 504002
4182 505002
4181 506002
4177 507002
4171 508002
4155 509002
4163 510002
4151 511002
4145 512002
4145 513002
4132 514002
4126 515002
4122 516002
4120 517002
4119 518002
4113 519002
4107 520002
4104 521002
4089 522002
4090 523002
4095 524002
4083 525002
4085 526002
4082 527002
4071 528002
4060 529002
4056 530002
4057 531002
4046 532002
4038 533002
4036 534002
4023 535002
4020 536002
4009 537002
4006 538002
4000 539002
3993 540002
3989 541002
3970 542002
3960 543002
3956 544002
3954 545002
3944 546002
3944 547002
3935 548002
3923 549002
3914 550002
3920 551002
3917 552002
3914 553002
3913 554002
3899 555002
3894 556002
3890 557002
3891 558002
3884 559002
3877 560002
3882 561002
3891 562002
3889 563002
3883 564002
3877 565002
3881 566002
3882 567002
3887 568002
3884 569002
3885 570002
3884 571002
3878 572002
3892 573002
3899 574002
3894 575002
3889 576002
3880 577002
3880 578002
3885 579002
3884 580002
3876 581002
3885 582002
3881 583002
3885 584002
3892 585002
3886 586002
3874 587002
3886 588002
3888 589002
3882 590002
3873 591002
3878 592002
3889 593002
3880 594002
3877 595002
3879 596002
3885 597002
3881 598002
3879 599002
3871 600002
3869 601002
3871 602002
3866 603002
3861 604002
3879 605002
3873 606002
3867 607002
3881 608002
3884 609002
3864 610002
3861 611002
3859 612002
3856 613002
3845 614002
3837 615002
3826 616002
3824 617002
3825 618002
3819 619002
3805 620002
3795 621002
3784 622002
3781 623002
3773 624002
3777 625002
3781 626002
3759 627002
3754 628002
3743 629002
3728 630002
3724 631002
3716 632002
3717 633002
3711 634002
3695 635002
3701 636002
3700 637002
3701 638002
3694 639002
3696 640002
3697 641002
3698 642002
3700 643002
3695 644002
3699 645002
3688 646002
3687 647002
3688 648002
3700 649002
3700 650002
3701 651002
3700 652002
3695 653002
3699 654002
3699 655002
3701 656002
3711 657002
3706 658002
3694 659002
3700 660002
3689 661002
3689 662002
3681 663002
3671 664002
3663 665002
3650 666002
3634 667002
3626 668002
3611 669002
3600 670002
3607 671002
3595 672002
3593 673002
3586 674002
3588 675002
3591 676002
3591 677002
3586 678002
3590 679002
3600 680002
3612 681002
3614 682002
3611 683002
3608 684002
3606 685002
3588 686002
3585 687002
3565 688002
3556 689002
3548 690002
3545 691002
3538 692002
3532 693002
3532 694002
3523 695002
3529 696002
3530 697002
3516 698002
3503 699002
3488 700002
3479 701002
3461 702002
3450 703002
3449 704002
3443 705002
3444 706002
3443 707002
3426 708002
3432 709002
3432 710002
3426 711002
3415 712002
3420 713002
3419 714002
3406 715002
3410 716002
3404 717002
3404 718002
3401 719002
3405 720002
3403 721002
3394 722002
3408 723002
3409 724002
3403 725002
3409 726002
3413 727002
3414 728002
3420 729002
3420 730002
3427 731002
3422 732002
3433 733002
3437 734002
3439 735002
3437 736002
3444 737002
3452 738002
3454 739002
3452 740002
3466 741002
3466 742002
3485 743002
3478 744002
3484 745002
3484 746002
3490 747002
3490 748002
3501 749002
3506 750002
3506 751002
3514 752002
3521 753002
3526 754002
3518 755002
3521 756002
3524 757002
3529 758002
3530 759002
3533 760002
3530 761002
3539 762002
3531 763002
3537 764002
3542 765002
3543 766002
3545 767002
3555 768002
3549 769002
3546 770002
3544 771002
3554 772002
3556 773002
3550 774002
3557 775002
3554 776002
3554 777002
3556 778002
3558 779002
3567 780002
3561 781002
3565 782002
3559 783002
3555 784002
3563 785002
3560 786002
3561 787002
3557 788002
3563 789002
3567 790002
3570 791002
3565 792002
3571 793002
3573 794002
3572 795002
3584 796002
3576 797002
3580 798002
3574 799002
3572 800002
3571 801002
3579 802002
3563 803002
3564 804002
3560 805002
3555 806002
3553 807002
3560 808002
3558 809002
3559 810002
3560 811002
3552 812002
3547 813002
3545 814002
3536 815002
3537 816002
3527 817002
3526 818002
3532 819002
3527 820002
3521 821002
3518 822002
3512 823002
3515 824002
3517 825002
3504 826002
3500 827002
3500 828002
3498 829002
3496 830002
3488 831002
3488 832002
3482 833002
3472 834002
3465 835002
3461 836002
3464 837002
3457 838002
3448 839002
3442 840002
3435 841002
3430 842002
3426 843002
3413 844002
3408 845002
3401 846002
3401 847002
3387 848002
3378 849002
3377 850002
3366 851002
3361 852002
3351 853002
3346 854002
3337 855002
3331 856002
3326 857002
3320 858002
3315 859002
3318 860002
3310 861002
3301 862002
3290 863002
3278 864002
3277 865002
3268 866002
3268 867002
3263 868002
3257 869002
3248 870002
3246 871002
3238 872002
3236 873002
3228 874002
3221 875002
3221 876002
3217 877002
3211 878002
3214 879002
3209 880002
3202 881002
3204 882002
3197 883002
3193 884002
3195 885002
3185 886002
3182 887002
3178 888002
3177 889002
3177 890002
3173 891002
3176 892002
3171 893002
3162 894002
3158 895002
3159 896002
3151 897002
3143 898002
3143 899002
3131 900002
3132 901002
3133 902002
3128 903002
3125 904002
3128 905002
3124 906002
3126 907002
3124 908002
3121 909002
3123 910002
3117 911002
3112 912002
3106 913002
3099 914002
3098 915002
3091 916002
3098 917002
3092 918002
3089 919002
3090 920002
3095 921002
3091 922002
3086 923002
3087 924002
3080 925002
3082 926002
3078 927002
3065 928002
3070 929002
3065 930002
3057 931002
3046 932002
3038 933002
3034 934002
3030 935002
3019 936002
3020 937002
3016 938002
3012 939002
3006 940002
2998 941002
2990 942002
2991 943002
2982 944002
2980 945002
2975 946002
2978 947002
2979 948002
2979 949002
2975 950002
2959 951002
2961 952002
2955 953002
2950 954002
2947 955002
2948 956002
2946 957002
2954 958002
2949 959002
2947 960002
2951 961002
2946 962002
2946 963002
2949 964002
2950 965002
2941 966002
2936 967002
2928 968002
2920 969002
2915 970002
2908 971002
2906 972002
2910 973002
2903 974002
2913 975002
2905 976002
2903 977002
2914 978002
2907 979002
2911 980002
2915 981002
2912 982002
2915 983002
2912 984002
2914 985002
2906 986002
2907 987002
2908 988002
2906 989002
2907 990002
2903 991002
2898 992002
2899 993002
2900 994002
2893 995002
2895 996002
2889 997002
2880 998002
2881 999002
2869 1000002
2874 1001002
2869 1002002
2866 1003002
2865 1004002
2864 1005002
2853 1006002
2852 1007002
2846 1008002
2843 1009002
2841 1010002
2832 1011002
2833 1012002
2826 1013002
2817 1014002
2811 1015002
2813 1016002
2813 1017002
2803 1018002
2800 1019002
2803 1020002
2799 1021002
2793 1022002
2793 1023002
2791 1024002
2780 1025002
2788 1026002
2775 1027002
2778 1028002
2770 1029002
2770 1030002
2758 1031002
2760 1032002
2761 1033002
2751 1034002
2753 1035002
2756 1036002
2749 1037002
2747 1038002
2745 1039002
2745 1040002
2740 1041002
2734 1042002
2733 1043002
2725 1044002
2725 1045002
2727 1046002
2717 1047002
2719 1048002
2712 1049002
2716 1050002
2715 1051002
2711 1052002
2717 1053002
2706 1054002
2699 1055002
2700 1056002
2705 1057002
2692 1058002
2685 1059002
2676 1060002
2668 1061002
2663 1062002
2654 1063002
2649 1064002
2646 1065002
2651 1066002
2650 1067002
2648 1068002
2647 1069002
2640 1070002
2639 1071002
2637 1072002
2635 1073002
2620 1074002
2617 1075002
2620 1076002
2616 1077002
2616 1078002
2602 1079002
2592 1080002
2590 1081002
2589 1082002
2586 1083002
2583 1084002
2577 1085002
2581 1086002
2571 1087002
2568 1088002
2567 1089002
2563 1090002
2563 1091002
2556 1092002
2559 1093002
2555 1094002
2557 1095002
2559 1096002
2553 1097002
2550 1098002
2547 1099002
2546 1100002
2549 1101002
2541 1102002
2537 1103002
2538 1104002
2533 1105002
2539 1106002
2542 1107002
2532 1108002
2537 1109002
2533 1110002
2530 1111002
2530 1112002
2531 1113002
2528 1114002
2524 1115002
2525 1116002
2528 1117002
2529 1118002
2533 1119002
2534 1120002
2532 1121002
2536 1122002
2544 1123002
2548 1124002
2552 1125002
2554 1126002
2565 1127002
2567 1128002
2564 1129002
2567 1130002
2562 1131002
2563 1132002
2568 1133002
2567 1134002
2567 1135002
2560 1136002
2570 1137002
2564 1138002
2563 1139002
2566 1140002
2563 1141002
2564 1142002
2572 1143002
2564 1144002
2563 1145002
2568 1146002
2575 1147002
2570 1148002
2569 1149002
2565 1150002
2570 1151002
2567 1152002
2563 1153002
2563 1154002
2559 1155002
2563 1156002
2566 1157002
2562 1158002
2556 1159002
2549 1160002
2547 1161002
2548 1162002
2545 1163002
2538 1164002
2536 1165002
2529 1166002
2520 1167002
2521 1168002
2510 1169002
2507 1170002
2501 1171002
2496 1172002
2485 1173002
2480 1174002
2469 1175002
2469 1176002
2459 1177002
2454 1178002
2446 1179002
2438 1180002
2436 1181002
2430 1182002
2421 1183002
2418 1184002
2414 1185002
2411 1186002
2406 1187002
2397 1188002
2399 1189002
2391 1190002
2387 1191002
2380 1192002
2378 1193002
2375 1194002
2375 1195002
2368 1196002
2377 1197002
2370 1198002
2357 1199002
2353 1200002
2356 1201002
2352 1202002
2352 1203002
2353 1204002
2334 1205002
2334 1206002
2330 1207002
2329 1208002
2331 1209002
2330 1210002
2319 1211002
2319 1212002
2317 1213002
2313 1214002
2308 1215002
2302 1216002
2299 1217002
2297 1218002
2290 1219002
2284 1220002
2280 1221002
2280 1222002
2276 1223002
2265 1224002
2268 1225002
2263 1226002
2260 1227002
2257 1228002
2253 1229002
2248 1230002
2248 1231002
2237 1232002
2239 1233002
2237 1234002
2244 1235002
2232 1236002
2232 1237002
2230 1238002
2221 1239002
2222 1240002
2225 1241002
2221 1242002
2215 1243002
2219 1244002
2214 1245002
2217 1246002
2216 1247002
2211 1248002
2215 1249002
2212 1250002
2219 1251002
2213 1252002
2207 1253002
2214 1254002
2217 1255002
2208 1256002
2215 1257002
2213 1258002
2214 1259002
2209 1260002
2209 1261002
2207 1262002
2208 1263002
2203 1264002
2212 1265002
2211 1266002
2211 1267002
2207 1268002
2209 1269002
2206 1270002
2205 1271002
2205 1272002
2204 1273002
2200 1274002
2202 1275002
2194 1276002
2194 1277002
2187 1278002
2186 1279002
2182 1280002
2182 1281002
2178 1282002
2178 1283002
2175 1284002
2173 1285002
2174 1286002
2173 1287002
2171 1288002
2167 1289002
2157 1290002
2164 1291002
2151 1292002
2153 1293002
2148 1294002
2147 1295002
2138 1296002
2136 1297002
2137 1298002
2128 1299002
2128 1300002
2124 1301002
2125 1302002
2116 1303002
2116 1304002
2109 1305002
2103 1306002
2106 1307002
2104 1308002
2099 1309002
2093 1310002
2100 1311002
2089 1312002
2088 1313002
2084 1314002
2081 1315002
2081 1316002
2080 1317002
2073 1318002
2073 1319002
2070 1320002
2062 1321002
2055 1322002
2052 1323002
2051 1324002
2042 1325002
2040 1326002
2036 1327002
2032 1328002
2028 1329002
2026 1330002
2018 1331002
2017 1332002
2013 1333002
2010 1334002
2002 1335002
1998 1336002
1995 1337002
1995 1338002
1991 1339002
1990 1340002
1982 1341002
1979 1342002
1975 1343002
1979 1344002
1975 1345002
1973 1346002
1973 1347002
1968 1348002
1968 1349002
1962 1350002
1955 1351002
1954 1352002
1950 1353002
1949 1354002
1948 1355002
1943 1356002
1944 1357002
1942 1358002
1939 1359002
1938 1360002
1935 1361002
1936 1362002
1927 1363002
1928 1364002
1930 1365002
1924 1366002
1922 1367002
1920 1368002
1921 1369002
1921 1370002
1915 1371002
1916 1372002
1914 1373002
1911 1374002
1909 1375002
1913 1376002
1910 1377002
1906 1378002
1903 1379002
1904 1380002
1901 1381002
1898 1382002
1898 1383002
1895 1384002
1891 1385002
1888 1386002
1886 1387002
1878 1388002
1876 1389002
1873 1390002
1871 1391002
1868 1392002
1864 1393002
1862 1394002
1860 1395002
1854 1396002
1852 1397002
1851 1398002
1845 1399002
1841 1400002
1840 1401002
1838 1402002
1834 1403002
1836 1404002
1829 1405002
1825 1406002
1826 1407002
1817 1408002
1815 1409002
1810 1410002
1807 1411002
1807 1412002
1805 1413002
1799 1414002
1798 1415002
1793 1416002
1792 1417002
1789 1418002
1787 1419002
1785 1420002
1784 1421002
1781 1422002
1780 1423002
1776 1424002
1773 1425002
1766 1426002
1764 1427002
1758 1428002
1757 1429002
1757 1430002
1757 1431002
1751 1432002
1755 1433002
1762 1434002
1757 1435002
1756 1436002
1764 1437002
1763 1438002
1761 1439002
1763 1440002
1761 1441002
1761 1442002
1760 1443002
1757 1444002
1756 1445002
1758 1446002
1755 1447002
1756 1448002
1751 1449002
1752 1450002
1751 1451002
1746 1452002
1742 1453002
1740 1454002
1740 1455002
1735 1456002
1736 1457002
1729 1458002
1727 1459002
1723 1460002
1726 1461002
1722 1462002
1724 1463002
1725 1464002
1722 1465002
1722 1466002
1719 1467002
1713 1468002
1711 1469002
1709 1470002
1705 1471002
1706 1472002
1705 1473002
1697 1474002
1701 1475002
1697 1476002
1694 1477002
1696 1478002
1695 1479002
1690 1480002
1689 1481002
1686 1482002
1686 1483002
1685 1484002
1681 1485002
1680 1486002
1680 1487002
1676 1488002
1675 1489002
1673 1490002
1666 1491002
1660 1492002
1658 1493002
1655 1494002
1649 1495002
1644 1496002
1640 1497002
1636 1498002
1635 1499002
1628 1500002
1625 1501002
1622 1502002
1618 1503002
1608 1504002
1603 1505002
1606 1506002
1599 1507002
1590 1508002
1584 1509002
1579 1510002
1578 1511002
1575 1512002
1568 1513002
1560 1514002
1558 1515002
1553 1516002
1551 1517002
1547 1518002
1541 1519002
1539 1520002
1535 1521002
1535 1522002
1536 1523002
1532 1524002
1530 1525002
1526 1526002
1527 1527002
1524 1528002
1523 1529002
1526 1530002
1526 1531002
1524 1532002
1525 1533002
1523 1534002
1520 1535002
1513 1536002
1514 1537002
1510 1538002
1509 1539002
1504 1540002
1506 1541002
1506 1542002
1502 1543002
1499 1544002
1494 1545002
1491 1546002
1490 1547002
1487 1548002
1482 1549002
1477 1550002
1475 1551002
1473 1552002
1469 1553002
1464 1554002
1461 1555002
1458 1556002
1459 1557002
1456 1558002
1453 1559002
1455 1560002
1449 1561002
1447 1562002
1448 1563002
1443 1564002
1436 1565002
1435 1566002
1432 1567002
1432 1568002
1433 1569002
1427 1570002
1427 1571002
1427 1572002
1424 1573002
1429 1574002
1425 1575002
1423 1576002
1424 1577002
1419 1578002
1423 1579002
1423 1580002
1420 1581002
1415 1582002
1418 1583002
1412 1584002
1413 1585002
1410 1586002
1409 1587002
1408 1588002
1404 1589002
1403 1590002
1402 1591002
1399 1592002
1397 1593002
1396 1594002
1391 1595002
1390 1596002
1388 1597002
1383 1598002
1383 1599002
1377 1600002
1375 1601002
1378 1602002
1372 1603002
1368 1604002
1364 1605002
1361 1606002
1359 1607002
1357 1608002
1356 1609002
1354 1610002
1350 1611002
1350 1612002
1348 1613002
1341 1614002
1340 1615002
1339 1616002
1338 1617002
1337 1618002
1333 1619002
1333 1620002
1330 1621002
1328 1622002
1328 1623002
1327 1624002
1325 1625002
1323 1626002
1321 1627002
1317 1628002
1316 1629002
1313 1630002
1308 1631002
1310 1632002
1305 1633002
1305 1634002
1305 1635002
1300 1636002
1300 1637002
1295 1638002
1295 1639002
1291 1640002
1295 1641002
1289 1642002
1287 1643002
1282 1644002
1281 1645002
1284 1646002
1280 1647002
1280 1648002
1279 1649002
1276 1650002
1274 1651002
1273 1652002
1272 1653002
1268 1654002
1267 1655002
1263 1656002
1261 1657002
1258 1658002
1254 1659002
1253 1660002
1250 1661002
1249 1662002
1247 1663002
1244 1664002
1241 1665002
1239 1666002
1235 1667002
1230 1668002
1229 1669002
1224 1670002
1227 1671002
1222 1672002
1220 1673002
1220 1674002
1220 1675002
1218 1676002
1221 1677002
1216 1678002
1215 1679002
1213 1680002
1213 1681002
1211 1682002
1209 1683002
1208 1684002
1206 1685002
1206 1686002
1207 1687002
1205 1688002
1203 1689002
1201 1690002
1202 1691002
1199 1692002
1200 1693002
1202 1694002
1199 1695002
1200 1696002
1200 1697002
1200 1698002
1202 1699002
1202 1700002
1202 1701002
1203 1702002
1202 1703002
1204 1704002
1202 1705002
1201 1706002
1200 1707002
1199 1708002
1197 1709002
1193 1710002
1193 1711002
1191 1712002
1192 1713002
1189 1714002
1190 1715002
1189 1716002
1185 1717002
1185 1718002
1184 1719002
1185 1720002
1179 1721002
1178 1722002
1179 1723002
1174 1724002
1172 1725002
1171 1726002
1167 1727002
1165 1728002
1163 1729002
1162 1730002
1160 1731002
1158 1732002
1154 1733002
1155 1734002
1155 1735002
1148 1736002
1151 1737002
1146 1738002
1144 1739002
1147 1740002
1139 1741002
1138 1742002
1135 1743002
1134 1744002
1135 1745002
1133 1746002
1128 1747002
1126 1748002
1124 1749002
1121 1750002
1120 1751002
1119 1752002
1115 1753002
1111 1754002
1113 1755002
1107 1756002
1108 1757002
1108 1758002
1104 1759002
1105 1760002
1099 1761002
1101 1762002
1094 1763002
1092 1764002
1093 1765002
1095 1766002
1087 1767002
1086 1768002
1082 1769002
1083 1770002
1079 1771002
1077 1772002
1074 1773002
1071 1774002
1066 1775002
1065 1776002
1060 1777002
1059 1778002
1055 1779002
1050 1780002
1049 1781002
1048 1782002
1047 1783002
1041 1784002
1038 1785002
1036 1786002
1031 1787002
1027 1788002
1024 1789002
1023 1790002
1019 1791002
1021 1792002
1014 1793002
1013 1794002
1011 1795002
1009 1796002
1009 1797002
1007 1798002
1006 1799002
1003 1800002
998 1801002
