5000 7965
5000 8965
5000 9965
5000 10965
5000 11965
4994 12965
5000 13965
4995 14965
4993 15965
4991 16965
4981 17965
4979 18965
4971 19965
4967 20965
4960 21965
4958 22965
4956 23965
4947 24965
4942 25965
4944 26965
4930 27965
4922 28965
4916 29965
4919 30965
4902 31965
4898 32965
4893 33965
4889 34965
4886 35965
4893 36965
4876 37965
4877 38965
4871 39965
4863 40965
4862 41965
4856 42965
4850 43965
4848 44965
4845 45965
4844 46965
4839 47965
4846 48965
4844 49965
4834 50965
4838 51965
4832 52965
4836 53965
4835 54965
4831 55965
4831 56965
4830 57965
4823 58965
4826 59965
4819 60965
4812 61965
4799 62965
4776 63965
4760 64965
4755 65965
4735 66965
4728 67965
4726 68965
4724 69965
4729 70965
4734 71965
4739 72965
4733 73965
4737 74965
4716 75965
4709 76965
4699 77965
4690 78965
4696 79965
4705 80965
4704 81965
4701 82965
4702 83965
4696 84965
4694 85965
4690 86965
4685 87965
4671 88965
4674 89965
4667 90965
4660 91965
4648 92965
4647 93965
4639 94965
4635 95965
4618 96965
4619 97965
4617 98965
4608 99965
4598 100965
4595 101965
4584 102965
4577 103965
4569 104965
4550 105965
4545 106965
4543 107965
4528 108965
4526 109965
4514 110965
4503 111965
4497 112965
4488 113965
4477 114965
4477 115965
4470 116965
4468 117965
4464 118965
4460 119965
4451 120965
4446 121965
4438 122965
4428 123965
4418 124965
4412 125965
4406 126965
4405 127965
4399 128965
4393 129965
4385 130965
4390 131965
4391 132965
4385 133965
4386 134965
4387 135965
4390 136965
4393 137965
4386 138965
4378 139965
4368 140965
4366 141965
4364 142965
4355 143965
4343 144965
4339 145965
4340 146965
4329 147965
4323 148965
4328 149965
4320 150965
4311 151965
4312 152965
4304 153965
4302 154965
4297 155965
4288 156965
4282 157965
4274 158965
4260 159965
4252 160965
4245 161965
4237 162965
4232 163965
4229 164965
4218 165965
4217 166965
4216 167965
4209 168965
4206 169965
4198 170965
4196 171965
4192 172965
4180 173965
4178 174965
4170 175965
4161 176965
4161 177965
4152 178965
4142 179965
4139 180965
4139 181965
4136 182965
4134 183965
4131 184965
4123 185965
4121 186965
4109 187965
4104 188965
4105 189965
4103 190965
4100 191965
4093 192965
4082 193965
4074 194965
4072 195965
4070 196965
4069 197965
4060 198965
4054 199965
4044 200965
4045 201965
4033 202965
4022 203965
4001 204965
3995 205965
3988 206965
3973 207965
3962 208965
3958 209965
3941 210965
3932 211965
3925 212965
3913 213965
3912 214965
3904 215965
3902 216965
3896 217965
3885 218965
3878 219965
3870 220965
3859 221965
3850 222965
3837 223965
3835 224965
3823 225965
3814 226965
3806 227965
3798 228965
3784 229965
3773 230965
3765 231965
3763 232965
3759 233965
3757 234965
3755 235965
3753 236965
3751 237965
3744 238965
3740 239965
3735 240965
3729 241965
3726 242965
3716 243965
3707 244965
3709 245965
3697 246965
3687 247965
3677 248965
3669 249965
3663 250965
3651 251965
3640 252965
3633 253965
3628 254965
3623 255965
3615 256965
3611 257965
3603 258965
3595 259965
3592 260965
3585 261965
3577 262965
3579 263965
3576 264965
3567 265965
3566 266965
3560 267965
3558 268965
3548 269965
3547 270965
3542 271965
3536 272965
3531 273965
3529 274965
3517 275965
3513 276965
3506 277965
3502 278965
3494 279965
3492 280965
3488 281965
3480 282965
3475 283965
3469 284965
3459 285965
3455 286965
3454 287965
3451 288965
3447 289965
3443 290965
3439 291965
3435 292965
3433 293965
3433 294965
3427 295965
3423 296965
3417 297965
3411 298965
3407 299965
3407 300965
3402 301965
3395 302965
3385 303965
3371 304965
3361 305965
3360 306965
3350 307965
3336 308965
3329 309965
3316 310965
3299 311965
3279 312965
3269 313965
3263 314965
3252 315965
3242 316965
3234 317965
3222 318965
3212 319965
3195 320965
3175 321965
3153 322965
3145 323965
3139 324965
3125 325965
3115 326965
3113 327965
3100 328965
3089 329965
3080 330965
3068 331965
3056 332965
3041 333965
3033 334965
3029 335965
3016 336965
3009 337965
3002 338965
2992 339965
2980 340965
2976 341965
2968 342965
2962 343965
2955 344965
2951 345965
2949 346965
2948 347965
2943 348965
2940 349965
2934 350965
2931 351965
2927 352965
2924 353965
2923 354965
2918 355965
2918 356965
2914 357965
2911 358965
2908 359965
2905 360965
2895 361965
2890 362965
2886 363965
2882 364965
2871 365965
2863 366965
2854 367965
2850 368965
2837 369965
2832 370965
2825 371965
2820 372965
2810 373965
2803 374965
2796 375965
2789 376965
2782 377965
2777 378965
2767 379965
2757 380965
2750 381965
2745 382965
2737 383965
2731 384965
2730 385965
2724 386965
2721 387965
2718 388965
2710 389965
2699 390965
2691 391965
2677 392965
2673 393965
2666 394965
2659 395965
2657 396965
2652 397965
2637 398965
2638 399965
2633 400965
2627 401965
2617 402965
2606 403965
2601 404965
2592 405965
2582 406965
2575 407965
2570 408965
2565 409965
2558 410965
2551 411965
2545 412965
2539 413965
2527 414965
2521 415965
2511 416965
2501 417965
2494 418965
2488 419965
2479 420965
2467 421965
2455 422965
2445 423965
2431 424965
2421 425965
2410 426965
2401 427965
2380 428965
2366 429965
2348 430965
2336 431965
2320 432965
2311 433965
2297 434965
2286 435965
2276 436965
2264 437965
2256 438965
2247 439965
2239 440965
2226 441965
2214 442965
2205 443965
2197 444965
2187 445965
2181 446965
2173 447965
2163 448965
2154 449965
2145 450965
2139 451965
2134 452965
2129 453965
2123 454965
2120 455965
2114 456965
2107 457965
2097 458965
2093 459965
2089 460965
2083 461965
2079 462965
2076 463965
2074 464965
2071 465965
2068 466965
2064 467965
2065 468965
2059 469965
2052 470965
2046 471965
2040 472965
2032 473965
2024 474965
2019 475965
2008 476965
2013 477965
2002 478965
1996 479965
1989 480965
1979 481965
1975 482965
1970 483965
1960 484965
1947 485965
1936 486965
1929 487965
1927 488965
1917 489965
1909 490965
1905 491965
1900 492965
1899 493965
1896 494965
1887 495965
1888 496965
1873 497965
1868 498965
1864 499965
1846 500965
1834 501965
1825 502965
1817 503965
1808 504965
1804 505965
1800 506965
1795 507965
1796 508965
1798 509965
1785 510965
1781 511965
1776 512965
1771 513965
1766 514965
1755 515965
1746 516965
1739 517965
1731 518965
1726 519965
1722 520965
1713 521965
1703 522965
1697 523965
1686 524965
1676 525965
1663 526965
1652 527965
1641 528965
1630 529965
1619 530965
1611 531965
1610 532965
1603 533965
1595 534965
1587 535965
1579 536965
1572 537965
1568 538965
1563 539965
1562 540965
1556 541965
1551 542965
1542 543965
1533 544965
1520 545965
1512 546965
1503 547965
1495 548965
1484 549965
1472 550965
1463 551965
1453 552965
1446 553965
1442 554965
1429 555965
1421 556965
1409 557965
1405 558965
1401 559965
1398 560965
1391 561965
1391 562965
1389 563965
1379 564965
1377 565965
1381 566965
1370 567965
1355 568965
1353 569965
1347 570965
1344 571965
1340 572965
1337 573965
1332 574965
1324 575965
1318 576965
1320 577965
1311 578965
1306 579965
1299 580965
1289 581965
1281 582965
1273 583965
1269 584965
1261 585965
1259 586965
1253 587965
1248 588965
1241 589965
1240 590965
1235 591965
1239 592965
1234 593965
1231 594965
1230 595965
1222 596965
1214 597965
1208 598965
1204 599965
1196 600965
1186 601965
1181 602965
1174 603965
1161 604965
1162 605965
1159 606965
1155 607965
1148 608965
1143 609965
1138 610965
1132 611965
1127 612965
1122 613965
1116 614965
1109 615965
1098 616965
1095 617965
1091 618965
1086 619965
1079 620965
1073 621965
1065 622965
1059 623965
1054 624965
1049 625965
1044 626965
1033 627965
1023 628965
1022 629965
1017 630965
1029 631965
1024 632965
1013 633965
1008 634965
1002 635965
994 636965
