4985 16001
4984 17001
4982 18001
4976 19001
4969 20001
4968 21001
4965 22001
4965 23001
4962 24001
4961 25001
4963 26001
4957 27001
4954 28001
4951 29001
4946 30001
4951 31001
4950 32001
4946 33001
4942 34001
4935 35001
4928 36001
4927 37001
4933 38001
4928 39001
4927 40001
4923 41001
4919 42001
4927 43001
4924 44001
4923 45001
4912 46001
4912 47001
4913 48001
4912 49001
4913 50001
4904 51001
4901 52001
4892 53001
4891 54001
4885 55001
4888 56001
4881 57001
4872 58001
4875 59001
4874 60001
4872 61001
4867 62001
4866 63001
4864 64001
4868 65001
4859 66001
4846 67001
4842 68001
4847 69001
4841 70001
4843 71001
4834 72001
4815 73001
4824 74001
4826 75001
4821 76001
4821 77001
4820 78001
4819 79001
4823 80001
4813 81001
4815 82001
4822 83001
4818 84001
4818 85001
4819 86001
4820 87001
4820 88001
4815 89001
4814 90001
4814 91001
4814 92001
4813 93001
4810 94001
4805 95001
4799 96001
4794 97001
4790 98001
4787 99001
4779 100001
4773 101001
4761 102001
4751 103001
4749 104001
4745 105001
4738 106001
4738 107001
4736 108001
4740 109001
4732 110001
4735 111001
4729 112001
4728 113001
4724 114001
4723 115001
4723 116001
4721 117001
4723 118001
4720 119001
4720 120001
4713 121001
4718 122001
4717 123001
4717 124001
4713 125001
4711 126001
4710 127001
4712 128001
4710 129001
4708 130001
4704 131001
4706 132001
4702 133001
4700 134001
4704 135001
4700 136001
4697 137001
4697 138001
4699 139001
4697 140001
4695 141001
4693 142001
4692 143001
4692 144001
4687 145001
4684 146001
4683 147001
4681 148001
4678 149001
4683 150001
4683 151001
4686 152001
4686 153001
4689 154001
4689 155001
4692 156001
4689 157001
4690 158001
4691 159001
4690 160001
4690 161001
4690 162001
4690 163001
4692 164001
4689 165001
4692 166001
4693 167001
4692 168001
4692 169001
4693 170001
4692 171001
4689 172001
4694 173001
4691 174001
4694 175001
4691 176001
4692 177001
4692 178001
4693 179001
4691 180001
4685 181001
4685 182001
4688 183001
4683 184001
4684 185001
4683 186001
4687 187001
4683 188001
4681 189001
4682 190001
4678 191001
4677 192001
4679 193001
4678 194001
4678 195001
4675 196001
4671 197001
4672 198001
4672 199001
4671 200001
4669 201001
4669 202001
4668 203001
4669 204001
4668 205001
4665 206001
4666 207001
4665 208001
4663 209001
4660 210001
4660 211001
4659 212001
4660 213001
4660 214001
4660 215001
4658 216001
4655 217001
4658 218001
4658 219001
4652 220001
4646 221001
4649 222001
4647 223001
4650 224001
4647 225001
4646 226001
4639 227001
4651 228001
4645 229001
4642 230001
4645 231001
4648 232001
4644 233001
4646 234001
4647 235001
4646 236001
4642 237001
4644 238001
4646 239001
4642 240001
4650 241001
4643 242001
4643 243001
4646 244001
4645 245001
4644 246001
4643 247001
4640 248001
4635 249001
4635 250001
4634 251001
4630 252001
4631 253001
4627 254001
4625 255001
4622 256001
4618 257001
4617 258001
4615 259001
4613 260001
4613 261001
4609 262001
4608 263001
4611 264001
4611 265001
4605 266001
4612 267001
4611 268001
4623 269001
4613 270001
4611 271001
4612 272001
4609 273001
4609 274001
4608 275001
4603 276001
4605 277001
4600 278001
4600 279001
4596 280001
4594 281001
4593 282001
4589 283001
4585 284001
4579 285001
4579 286001
4578 287001
4577 288001
4577 289001
4569 290001
4567 291001
4567 292001
4562 293001
4557 294001
4556 295001
4553 296001
4550 297001
4548 298001
4544 299001
4546 300001
4540 301001
4539 302001
4533 303001
4533 304001
4530 305001
4530 306001
4526 307001
4522 308001
4523 309001
4518 310001
4515 311001
4508 312001
4506 313001
4499 314001
4496 315001
4493 316001
4488 317001
4481 318001
4480 319001
4476 320001
4470 321001
4470 322001
4462 323001
4457 324001
4450 325001
4446 326001
4444 327001
4439 328001
4440 329001
4435 330001
4429 331001
4427 332001
4423 333001
4419 334001
4414 335001
4408 336001
4406 337001
4399 338001
4400 339001
4397 340001
4397 341001
4394 342001
4391 343001
4394 344001
4389 345001
4384 346001
4382 347001
4381 348001
4380 349001
4374 350001
4376 351001
4377 352001
4376 353001
4372 354001
4369 355001
4365 356001
4368 357001
4361 358001
4360 359001
4357 360001
4356 361001
4357 362001
4349 363001
4347 364001
4341 365001
4338 366001
4333 367001
4329 368001
4324 369001
4323 370001
4318 371001
4314 372001
4310 373001
4305 374001
4302 375001
4297 376001
4293 377001
4287 378001
4287 379001
4286 380001
4278 381001
4273 382001
4270 383001
4266 384001
4263 385001
4262 386001
4255 387001
4253 388001
4247 389001
4243 390001
4239 391001
4234 392001
4235 393001
4231 394001
4228 395001
4225 396001
4221 397001
4219 398001
4215 399001
4209 400001
4203 401001
4198 402001
4197 403001
4192 404001
4188 405001
4183 406001
4181 407001
4181 408001
4182 409001
4175 410001
4173 411001
4175 412001
4175 413001
4170 414001
4171 415001
4170 416001
4167 417001
4163 418001
4160 419001
4159 420001
4157 421001
4156 422001
4156 423001
4155 424001
4151 425001
4151 426001
4144 427001
4144 428001
4145 429001
4141 430001
4140 431001
4137 432001
4136 433001
4134 434001
4129 435001
4126 436001
4129 437001
4124 438001
4123 439001
4116 440001
4116 441001
4116 442001
4113 443001
4111 444001
4111 445001
4105 446001
4104 447001
4103 448001
4098 449001
4098 450001
4093 451001
4090 452001
4085 453001
4079 454001
4075 455001
4070 456001
4068 457001
4064 458001
4063 459001
4059 460001
4056 461001
4055 462001
4050 463001
4047 464001
4045 465001
4043 466001
4045 467001
4042 468001
4040 469001
4037 470001
4037 471001
4035 472001
4034 473001
4033 474001
4027 475001
4026 476001
4026 477001
4021 478001
4026 479001
4018 480001
4017 481001
4016 482001
4013 483001
4015 484001
4008 485001
4009 486001
4004 487001
4004 488001
4001 489001
3997 490001
3993 491001
3995 492001
3992 493001
3992 494001
3990 495001
3991 496001
3987 497001
3986 498001
3990 499001
3987 500001
3986 501001
3984 502001
3989 503001
3984 504001
3983 505001
3981 506001
3980 507001
3980 508001
3981 509001
3975 510001
3976 511001
3976 512001
3975 513001
3974 514001
3972 515001
3972 516001
3971 517001
3971 518001
3970 519001
3975 520001
3970 521001
3976 522001
3976 523001
3978 524001
3978 525001
3975 526001
3975 527001
3976 528001
3973 529001
3971 530001
3972 531001
3976 532001
3968 533001
3972 534001
3966 535001
3967 536001
3967 537001
3964 538001
3961 539001
3960 540001
3958 541001
3953 542001
3952 543001
3947 544001
3947 545001
3946 546001
3941 547001
3941 548001
3938 549001
3939 550001
3936 551001
3938 552001
3937 553001
3935 554001
3934 555001
3933 556001
3934 557001
3934 558001
3933 559001
3925 560001
3928 561001
3923 562001
3928 563001
3923 564001
3928 565001
3925 566001
3923 567001
3924 568001
3927 569001
3921 570001
3922 571001
3921 572001
3923 573001
3922 574001
3920 575001
3920 576001
3919 577001
3923 578001
3916 579001
3916 580001
3910 581001
3915 582001
3910 583001
3911 584001
3905 585001
3905 586001
3901 587001
3896 588001
3896 589001
3897 590001
3893 591001
3890 592001
3880 593001
3880 594001
3876 595001
3877 596001
3875 597001
3875 598001
3875 599001
3871 600001
3871 601001
3866 602001
3871 603001
3870 604001
3869 605001
3868 606001
3867 607001
3868 608001
3864 609001
3864 610001
3864 611001
3865 612001
3861 613001
3863 614001
3862 615001
3862 616001
3860 617001
3861 618001
3860 619001
3856 620001
3856 621001
3856 622001
3853 623001
3850 624001
3851 625001
3847 626001
3843 627001
3844 628001
3839 629001
3834 630001
3832 631001
3826 632001
3818 633001
3814 634001
3807 635001
3798 636001
3796 637001
3785 638001
3776 639001
3770 640001
3766 641001
3765 642001
3764 643001
3763 644001
3762 645001
3755 646001
3754 647001
3753 648001
3749 649001
3741 650001
3744 651001
3742 652001
3736 653001
3735 654001
3729 655001
3726 656001
3721 657001
3718 658001
3713 659001
3710 660001
3707 661001
3704 662001
3702 663001
3696 664001
3698 665001
3690 666001
3686 667001
3688 668001
3687 669001
3683 670001
3682 671001
3676 672001
3677 673001
3677 674001
3674 675001
3671 676001
3672 677001
3667 678001
3666 679001
3661 680001
3661 681001
3655 682001
3654 683001
3648 684001
3645 685001
3638 686001
3634 687001
3632 688001
3626 689001
3623 690001
3619 691001
3611 692001
3602 693001
3605 694001
3598 695001
3596 696001
3592 697001
3586 698001
3584 699001
3573 700001
3568 701001
3558 702001
3554 703001
3552 704001
3544 705001
3539 706001
3535 707001
3524 708001
3521 709001
3518 710001
3517 711001
3511 712001
3506 713001
3500 714001
3496 715001
3488 716001
3485 717001
3480 718001
3476 719001
3471 720001
3468 721001
3462 722001
3456 723001
3447 724001
3442 725001
3430 726001
3421 727001
3406 728001
3386 729001
3372 730001
3367 731001
3361 732001
3357 733001
3356 734001
3354 735001
3355 736001
3354 737001
3349 738001
3349 739001
3348 740001
3349 741001
3342 742001
3347 743001
3346 744001
3348 745001
3349 746001
3350 747001
3354 748001
3359 749001
3358 750001
3358 751001
3360 752001
3358 753001
3361 754001
3358 755001
3353 756001
3355 757001
3352 758001
3354 759001
3354 760001
3349 761001
3354 762001
3353 763001
3349 764001
3349 765001
3349 766001
3350 767001
3352 768001
3352 769001
3349 770001
3351 771001
3345 772001
3346 773001
3344 774001
3346 775001
3343 776001
3340 777001
3336 778001
3331 779001
3323 780001
3319 781001
3326 782001
3324 783001
3324 784001
3323 785001
3320 786001
3319 787001
3313 788001
3309 789001
3301 790001
3300 791001
3294 792001
3285 793001
3285 794001
3277 795001
3274 796001
3268 797001
3266 798001
3259 799001
3265 800001
3257 801001
3254 802001
3253 803001
3246 804001
3247 805001
3244 806001
3247 807001
3248 808001
3246 809001
3245 810001
3245 811001
3240 812001
3241 813001
3240 814001
3233 815001
3236 816001
3238 817001
3238 818001
3235 819001
3237 820001
3237 821001
3238 822001
3235 823001
3233 824001
3232 825001
3234 826001
3234 827001
3237 828001
3236 829001
3240 830001
3234 831001
3236 832001
3236 833001
3234 834001
3235 835001
3236 836001
3235 837001
3241 838001
3233 839001
3229 840001
3231 841001
3232 842001
3231 843001
3233 844001
3231 845001
3228 846001
3228 847001
3228 848001
3227 849001
3223 850001
3220 851001
3220 852001
3216 853001
3209 854001
3210 855001
3205 856001
3203 857001
3194 858001
3191 859001
3184 860001
3181 861001
3175 862001
3164 863001
3162 864001
3157 865001
3154 866001
3147 867001
3141 868001
3142 869001
3141 870001
3141 871001
3143 872001
3143 873001
3143 874001
3144 875001
3144 876001
3142 877001
3141 878001
3143 879001
3140 880001
3137 881001
3134 882001
3131 883001
3133 884001
3129 885001
3128 886001
3127 887001
3123 888001
3121 889001
3125 890001
3121 891001
3119 892001
3118 893001
3110 894001
3110 895001
3107 896001
3103 897001
3104 898001
3102 899001
3094 900001
3094 901001
3091 902001
3084 903001
3085 904001
3086 905001
3082 906001
3081 907001
3074 908001
3072 909001
3071 910001
3070 911001
3069 912001
3070 913001
3064 914001
3063 915001
3063 916001
3065 917001
3063 918001
3066 919001
3065 920001
3065 921001
3063 922001
3062 923001
3060 924001
3063 925001
3063 926001
3064 927001
3066 928001
3068 929001
3067 930001
3069 931001
3073 932001
3072 933001
3075 934001
3077 935001
3082 936001
3082 937001
3084 938001
3083 939001
3088 940001
3086 941001
3083 942001
3086 943001
3082 944001
3078 945001
3079 946001
3075 947001
3074 948001
3076 949001
3073 950001
3066 951001
3070 952001
3068 953001
3067 954001
3066 955001
3059 956001
3059 957001
3055 958001
3053 959001
3051 960001
3047 961001
3050 962001
3042 963001
3041 964001
3034 965001
3031 966001
3025 967001
3023 968001
3019 969001
3019 970001
3017 971001
3011 972001
3008 973001
3001 974001
2997 975001
2992 976001
2988 977001
2983 978001
2980 979001
2979 980001
2974 981001
2973 982001
2969 983001
2965 984001
2957 985001
2953 986001
2951 987001
2948 988001
2947 989001
2945 990001
2937 991001
2936 992001
2929 993001
2927 994001
2923 995001
2923 996001
2920 997001
2916 998001
2915 999001
2911 1000001
2909 1001001
2909 1002001
2904 1003001
2903 1004001
2901 1005001
2895 1006001
2895 1007001
2890 1008001
2888 1009001
2888 1010001
2881 1011001
2877 1012001
2868 1013001
2865 1014001
2861 1015001
2850 1016001
2847 1017001
2835 1018001
2821 1019001
2814 1020001
2805 1021001
2796 1022001
2789 1023001
2781 1024001
2778 1025001
2771 1026001
2767 1027001
2763 1028001
2758 1029001
2756 1030001
2746 1031001
2741 1032001
2733 1033001
2727 1034001
2721 1035001
2720 1036001
2714 1037001
2708 1038001
2706 1039001
2700 1040001
2701 1041001
2696 1042001
2693 1043001
2691 1044001
2688 1045001
2685 1046001
2680 1047001
2674 1048001
2674 1049001
2669 1050001
2669 1051001
2664 1052001
2661 1053001
2649 1054001
2637 1055001
2627 1056001
2621 1057001
2616 1058001
2610 1059001
2606 1060001
2600 1061001
2597 1062001
2592 1063001
2584 1064001
2588 1065001
2585 1066001
2588 1067001
2580 1068001
2579 1069001
2573 1070001
2573 1071001
2570 1072001
2567 1073001
2566 1074001
2566 1075001
2558 1076001
2555 1077001
2552 1078001
2548 1079001
2542 1080001
2542 1081001
2541 1082001
2536 1083001
2534 1084001
2531 1085001
2531 1086001
2523 1087001
2525 1088001
2524 1089001
2523 1090001
2521 1091001
2521 1092001
2522 1093001
2518 1094001
2519 1095001
2519 1096001
2517 1097001
2515 1098001
2511 1099001
2507 1100001
2506 1101001
2506 1102001
2505 1103001
2497 1104001
2494 1105001
2495 1106001
2493 1107001
2491 1108001
2486 1109001
2484 1110001
2485 1111001
2486 1112001
2484 1113001
2485 1114001
2485 1115001
2484 1116001
2484 1117001
2486 1118001
2486 1119001
2486 1120001
2487 1121001
2487 1122001
2487 1123001
2484 1124001
2486 1125001
2484 1126001
2484 1127001
2478 1128001
2478 1129001
2475 1130001
2471 1131001
2468 1132001
2469 1133001
2462 1134001
2457 1135001
2454 1136001
2453 1137001
2450 1138001
2451 1139001
2445 1140001
2442 1141001
2438 1142001
2439 1143001
2430 1144001
2428 1145001
2423 1146001
2426 1147001
2424 1148001
2422 1149001
2422 1150001
2421 1151001
2423 1152001
2424 1153001
2429 1154001
2428 1155001
2424 1156001
2427 1157001
2427 1158001
2430 1159001
2429 1160001
2432 1161001
2431 1162001
2432 1163001
2432 1164001
2432 1165001
2433 1166001
2430 1167001
2426 1168001
2424 1169001
2420 1170001
2414 1171001
2411 1172001
2410 1173001
2410 1174001
2404 1175001
2402 1176001
2397 1177001
2397 1178001
2390 1179001
2391 1180001
2387 1181001
2382 1182001
2378 1183001
2375 1184001
2369 1185001
2367 1186001
2365 1187001
2360 1188001
2359 1189001
2356 1190001
2355 1191001
2354 1192001
2351 1193001
2347 1194001
2346 1195001
2342 1196001
2341 1197001
2341 1198001
2338 1199001
2339 1200001
2339 1201001
2336 1202001
2333 1203001
2334 1204001
2332 1205001
2331 1206001
2328 1207001
2328 1208001
2323 1209001
2323 1210001
2324 1211001
2319 1212001
2322 1213001
2319 1214001
2318 1215001
2317 1216001
2319 1217001
2317 1218001
2317 1219001
2317 1220001
2319 1221001
2316 1222001
2318 1223001
2318 1224001
2319 1225001
2317 1226001
2320 1227001
2318 1228001
2317 1229001
2317 1230001
2315 1231001
2313 1232001
2312 1233001
2313 1234001
2309 1235001
2303 1236001
2301 1237001
2299 1238001
2298 1239001
2294 1240001
2290 1241001
2287 1242001
2283 1243001
2282 1244001
2279 1245001
2276 1246001
2277 1247001
2276 1248001
2274 1249001
2269 1250001
2266 1251001
2266 1252001
2265 1253001
2259 1254001
2251 1255001
2251 1256001
2242 1257001
2238 1258001
2231 1259001
2231 1260001
2226 1261001
2220 1262001
2219 1263001
2215 1264001
2213 1265001
2212 1266001
2212 1267001
2211 1268001
2209 1269001
2210 1270001
2212 1271001
2210 1272001
2210 1273001
2211 1274001
2210 1275001
2210 1276001
2209 1277001
2208 1278001
2206 1279001
2206 1280001
2202 1281001
2201 1282001
2201 1283001
2200 1284001
2197 1285001
2198 1286001
2195 1287001
2194 1288001
2195 1289001
2195 1290001
2196 1291001
2194 1292001
2191 1293001
2189 1294001
2183 1295001
2181 1296001
2180 1297001
2170 1298001
2167 1299001
2165 1300001
2161 1301001
2160 1302001
2155 1303001
2154 1304001
2149 1305001
2146 1306001
2140 1307001
2135 1308001
2135 1309001
2132 1310001
2134 1311001
2129 1312001
2132 1313001
2128 1314001
2129 1315001
2126 1316001
2127 1317001
2125 1318001
2120 1319001
2127 1320001
2122 1321001
2124 1322001
2123 1323001
2119 1324001
2118 1325001
2117 1326001
2117 1327001
2111 1328001
2112 1329001
2108 1330001
2107 1331001
2109 1332001
2106 1333001
2103 1334001
2102 1335001
2099 1336001
2094 1337001
2090 1338001
2082 1339001
2075 1340001
2067 1341001
2060 1342001
2052 1343001
2046 1344001
2040 1345001
2034 1346001
2025 1347001
2022 1348001
2012 1349001
2008 1350001
2000 1351001
1992 1352001
1983 1353001
1974 1354001
1972 1355001
1962 1356001
1955 1357001
1951 1358001
1947 1359001
1943 1360001
1938 1361001
1934 1362001
1931 1363001
1928 1364001
1924 1365001
1914 1366001
1909 1367001
1906 1368001
1904 1369001
1905 1370001
1899 1371001
1895 1372001
1891 1373001
1885 1374001
1883 1375001
1877 1376001
1869 1377001
1862 1378001
1855 1379001
1848 1380001
1841 1381001
1832 1382001
1827 1383001
1823 1384001
1817 1385001
1816 1386001
1811 1387001
1801 1388001
1799 1389001
1790 1390001
1787 1391001
1781 1392001
1780 1393001
1770 1394001
1771 1395001
1767 1396001
1760 1397001
1759 1398001
1757 1399001
1753 1400001
1751 1401001
1747 1402001
1748 1403001
1744 1404001
1739 1405001
1739 1406001
1738 1407001
1737 1408001
1736 1409001
1733 1410001
1737 1411001
1730 1412001
1727 1413001
1727 1414001
1730 1415001
1724 1416001
1725 1417001
1722 1418001
1722 1419001
1723 1420001
1719 1421001
1719 1422001
1718 1423001
1718 1424001
1715 1425001
1712 1426001
1707 1427001
1708 1428001
1706 1429001
1699 1430001
1702 1431001
1696 1432001
1694 1433001
1694 1434001
1694 1435001
1693 1436001
1690 1437001
1687 1438001
1686 1439001
1685 1440001
1682 1441001
1679 1442001
1678 1443001
1676 1444001
1678 1445001
1676 1446001
1675 1447001
1676 1448001
1670 1449001
1673 1450001
1671 1451001
1667 1452001
1667 1453001
1663 1454001
1663 1455001
1661 1456001
1657 1457001
1657 1458001
1656 1459001
1656 1460001
1655 1461001
1653 1462001
1653 1463001
1649 1464001
1646 1465001
1647 1466001
1646 1467001
1643 1468001
1641 1469001
1641 1470001
1640 1471001
1639 1472001
1634 1473001
1639 1474001
1634 1475001
1634 1476001
1634 1477001
1636 1478001
1635 1479001
1636 1480001
1630 1481001
1633 1482001
1638 1483001
1636 1484001
1637 1485001
1636 1486001
1641 1487001
1635 1488001
1638 1489001
1638 1490001
1633 1491001
1634 1492001
1630 1493001
1630 1494001
1627 1495001
1625 1496001
1625 1497001
1622 1498001
1621 1499001
1618 1500001
1617 1501001
1615 1502001
1613 1503001
1611 1504001
1610 1505001
1606 1506001
1604 1507001
1600 1508001
1598 1509001
1594 1510001
1594 1511001
1591 1512001
1587 1513001
1589 1514001
1584 1515001
1577 1516001
1576 1517001
1574 1518001
1566 1519001
1565 1520001
1565 1521001
1560 1522001
1561 1523001
1559 1524001
1557 1525001
1556 1526001
1554 1527001
1554 1528001
1555 1529001
1552 1530001
1555 1531001
1552 1532001
1550 1533001
1548 1534001
1549 1535001
1546 1536001
1546 1537001
1546 1538001
1548 1539001
1546 1540001
1548 1541001
1545 1542001
1548 1543001
1545 1544001
1549 1545001
1546 1546001
1546 1547001
1546 1548001
1545 1549001
1546 1550001
1543 1551001
1543 1552001
1540 1553001
1539 1554001
1537 1555001
1536 1556001
1535 1557001
1530 1558001
1531 1559001
1527 1560001
1520 1561001
1524 1562001
1523 1563001
1521 1564001
1520 1565001
1514 1566001
1514 1567001
1508 1568001
1505 1569001
1504 1570001
1501 1571001
1495 1572001
1493 1573001
1488 1574001
1485 1575001
1484 1576001
1478 1577001
1475 1578001
1466 1579001
1457 1580001
1455 1581001
1453 1582001
1451 1583001
1451 1584001
1450 1585001
1442 1586001
1436 1587001
1433 1588001
1430 1589001
1429 1590001
1432 1591001
1433 1592001
1434 1593001
1433 1594001
1430 1595001
1430 1596001
1427 1597001
1423 1598001
1422 1599001
1419 1600001
1413 1601001
1409 1602001
1405 1603001
1401 1604001
1397 1605001
1390 1606001
1388 1607001
1386 1608001
1382 1609001
1382 1610001
1382 1611001
1384 1612001
1382 1613001
1381 1614001
1382 1615001
1382 1616001
1382 1617001
1376 1618001
1373 1619001
1371 1620001
1366 1621001
1360 1622001
1354 1623001
1346 1624001
1339 1625001
1331 1626001
1327 1627001
1321 1628001
1319 1629001
1316 1630001
1314 1631001
1316 1632001
1312 1633001
1314 1634001
1315 1635001
1315 1636001
1313 1637001
1314 1638001
1312 1639001
1312 1640001
1312 1641001
1312 1642001
1307 1643001
1304 1644001
1300 1645001
1290 1646001
1284 1647001
1277 1648001
1270 1649001
1263 1650001
1259 1651001
1258 1652001
1255 1653001
1254 1654001
1249 1655001
1243 1656001
1240 1657001
1237 1658001
1234 1659001
1231 1660001
1228 1661001
1227 1662001
1224 1663001
1221 1664001
1217 1665001
1217 1666001
1214 1667001
1211 1668001
1208 1669001
1206 1670001
1206 1671001
1204 1672001
1202 1673001
1198 1674001
1192 1675001
1191 1676001
1187 1677001
1186 1678001
1187 1679001
1186 1680001
1188 1681001
1188 1682001
1188 1683001
1189 1684001
1188 1685001
1186 1686001
1179 1687001
1172 1688001
1165 1689001
1161 1690001
1160 1691001
1156 1692001
1156 1693001
1151 1694001
1151 1695001
1151 1696001
1148 1697001
1148 1698001
1147 1699001
1149 1700001
1148 1701001
1148 1702001
1145 1703001
1143 1704001
1140 1705001
1137 1706001
1137 1707001
1137 1708001
1137 1709001
1136 1710001
1137 1711001
1136 1712001
1134 1713001
1132 1714001
1129 1715001
1128 1716001
1125 1717001
1122 1718001
1121 1719001
1120 1720001
1121 1721001
1117 1722001
1116 1723001
1113 1724001
1109 1725001
1105 1726001
1101 1727001
1097 1728001
1097 1729001
1094 1730001
1091 1731001
1087 1732001
1085 1733001
1083 1734001
1078 1735001
1079 1736001
1075 1737001
1073 1738001
1070 1739001
1070 1740001
1070 1741001
1065 1742001
1063 1743001
1061 1744001
1062 1745001
1059 1746001
1057 1747001
1056 1748001
1054 1749001
1047 1750001
1050 1751001
1043 1752001
1041 1753001
1034 1754001
1032 1755001
1030 1756001
1029 1757001
1029 1758001
1029 1759001
1029 1760001
1027 1761001
1023 1762001
1023 1763001
1019 1764001
1018 1765001
1016 1766001
1011 1767001
1006 1768001
1005 1769001
1003 1770001
999 1771001
