4974 16000
4962 17000
4962 18000
4960 19000
4956 20000
4959 21000
4952 22000
4943 23000
4954 24000
4952 25000
4955 26000
4950 27000
4939 28000
4941 29000
4947 30000
4943 31000
4951 32000
4958 33000
4955 34000
4965 35000
4960 36000
4957 37000
4970 38000
4980 39000
4980 40000
4977 41000
4974 42000
4984 43000
4981 44000
4980 45000
4985 46000
4978 47000
4982 48000
4980 49000
4993 50000
4995 51000
4994 52000
4993 53000
4991 54000
4990 55000
4996 56000
4989 57000
4988 58000
4991 59000
4987 60000
4971 61000
4969 62000
4966 63000
4963 64000
4948 65000
4936 66000
4929 67000
4919 68000
4910 69000
4905 70000
4900 71000
4889 72000
4888 73000
4876 74000
4871 75000
4862 76000
4862 77000
4862 78000
4858 79000
4852 80000
4846 81000
4838 82000
4839 83000
4831 84000
4830 85000
4828 86000
4811 87000
4800 88000
4801 89000
4787 90000
4785 91000
4776 92000
4760 93000
4756 94000
4751 95000
4739 96000
4722 97000
4715 98000
4710 99000
4709 100000
4691 101000
4696 102000
4688 103000
4683 104000
4675 105000
4666 106000
4660 107000
4648 108000
4631 109000
4623 110000
4629 111000
4620 112000
4614 113000
4607 114000
4600 115000
4598 116000
4584 117000
4579 118000
4571 119000
4569 120000
4558 121000
4559 122000
4554 123000
4557 124000
4550 125000
4548 126000
4541 127000
4536 128000
4539 129000
4535 130000
4533 131000
4534 132000
4524 133000
4525 134000
4515 135000
4513 136000
4517 137000
4516 138000
4510 139000
4511 140000
4514 141000
4518 142000
4518 143000
4520 144000
4518 145000
4516 146000
4516 147000
4507 148000
4510 149000
4516 150000
4512 151000
4508 152000
4511 153000
4508 154000
4509 155000
4513 156000
4518 157000
4521 158000
4524 159000
4524 160000
4525 161000
4524 162000
4520 163000
4522 164000
4521 165000
4520 166000
4528 167000
4523 168000
4514 169000
4510 170000
4510 171000
4502 172000
4495 173000
4488 174000
4480 175000
4479 176000
4462 177000
4461 178000
4456 179000
4442 180000
4434 181000
4425 182000
4418 183000
4401 184000
4394 185000
4388 186000
4370 187000
4363 188000
4348 189000
4338 190000
4330 191000
4328 192000
4315 193000
4304 194000
4292 195000
4283 196000
4271 197000
4261 198000
4248 199000
4242 200000
4223 201000
4213 202000
4203 203000
4191 204000
4176 205000
4163 206000
4154 207000
4138 208000
4123 209000
4123 210000
4114 211000
4097 212000
4089 213000
4079 214000
4072 215000
4076 216000
4071 217000
4071 218000
4074 219000
4068 220000
4063 221000
4057 222000
4050 223000
4043 224000
4034 225000
4019 226000
4016 227000
4004 228000
3985 229000
3970 230000
3956 231000
3944 232000
3932 233000
3921 234000
3910 235000
3904 236000
3899 237000
3898 238000
3896 239000
3888 240000
3877 241000
3868 242000
3855 243000
3854 244000
3843 245000
3829 246000
3828 247000
3824 248000
3826 249000
3822 250000
3816 251000
3814 252000
3823 253000
3820 254000
3813 255000
3809 256000
3802 257000
3795 258000
3800 259000
3806 260000
3797 261000
3797 262000
3794 263000
3795 264000
3798 265000
3803 266000
3800 267000
3793 268000
3791 269000
3792 270000
3783 271000
3781 272000
3782 273000
3771 274000
3771 275000
3769 276000
3766 277000
3762 278000
3765 279000
3759 280000
3757 281000
3754 282000
3752 283000
3745 284000
3743 285000
3740 286000
3730 287000
3724 288000
3714 289000
3708 290000
3700 291000
3694 292000
3684 293000
3677 294000
3664 295000
3655 296000
3641 297000
3627 298000
3613 299000
3598 300000
3586 301000
3581 302000
3562 303000
3549 304000
3539 305000
3534 306000
3519 307000
3509 308000
3490 309000
3483 310000
3467 311000
3454 312000
3442 313000
3434 314000
3425 315000
3414 316000
3416 317000
3416 318000
3403 319000
3405 320000
3400 321000
3392 322000
3389 323000
3378 324000
3373 325000
3363 326000
3358 327000
3347 328000
3343 329000
3332 330000
3324 331000
3316 332000
3302 333000
3296 334000
3290 335000
3282 336000
3278 337000
3266 338000
3262 339000
3255 340000
3245 341000
3239 342000
3227 343000
3220 344000
3214 345000
3204 346000
3196 347000
3180 348000
3173 349000
3172 350000
3169 351000
3163 352000
3155 353000
3152 354000
3148 355000
3147 356000
3144 357000
3142 358000
3138 359000
3140 360000
3135 361000
3134 362000
3129 363000
3119 364000
3118 365000
3115 366000
3114 367000
3118 368000
3119 369000
3120 370000
3123 371000
3129 372000
3132 373000
3133 374000
3141 375000
3144 376000
3148 377000
3152 378000
3148 379000
3146 380000
3147 381000
3140 382000
3133 383000
3127 384000
3114 385000
3099 386000
3084 387000
3078 388000
3062 389000
3055 390000
3043 391000
3041 392000
3030 393000
3022 394000
3020 395000
3015 396000
3010 397000
3001 398000
2994 399000
2984 400000
2978 401000
2962 402000
2943 403000
2941 404000
2934 405000
2919 406000
2902 407000
2882 408000
2869 409000
2853 410000
2842 411000
2823 412000
2806 413000
2785 414000
2763 415000
2739 416000
2721 417000
2703 418000
2690 419000
2675 420000
2660 421000
2643 422000
2639 423000
2634 424000
2625 425000
2619 426000
2612 427000
2603 428000
2597 429000
2589 430000
2584 431000
2567 432000
2561 433000
2546 434000
2530 435000
2518 436000
2502 437000
2488 438000
2474 439000
2463 440000
2452 441000
2439 442000
2429 443000
2417 444000
2410 445000
2396 446000
2392 447000
2384 448000
2376 449000
2363 450000
2363 451000
2361 452000
2353 453000
2349 454000
2348 455000
2353 456000
2351 457000
2341 458000
2334 459000
2332 460000
2327 461000
2328 462000
2327 463000
2329 464000
2330 465000
2335 466000
2336 467000
2334 468000
2336 469000
2344 470000
2341 471000
2342 472000
2342 473000
2342 474000
2336 475000
2333 476000
2333 477000
2329 478000
2325 479000
2325 480000
2318 481000
2310 482000
2305 483000
2294 484000
2288 485000
2287 486000
2280 487000
2281 488000
2274 489000
2268 490000
2258 491000
2247 492000
2241 493000
2239 494000
2229 495000
2220 496000
2211 497000
2207 498000
2199 499000
2193 500000
2182 501000
2178 502000
2174 503000
2159 504000
2151 505000
2140 506000
2131 507000
2120 508000
2109 509000
2091 510000
2078 511000
2068 512000
2058 513000
2046 514000
2033 515000
2019 516000
2009 517000
1994 518000
1979 519000
1966 520000
1951 521000
1930 522000
1912 523000
1898 524000
1886 525000
1875 526000
1860 527000
1843 528000
1831 529000
1816 530000
1816 531000
1808 532000
1800 533000
1794 534000
1787 535000
1780 536000
1773 537000
1758 538000
1748 539000
1737 540000
1728 541000
1711 542000
1703 543000
1697 544000
1686 545000
1676 546000
1662 547000
1652 548000
1636 549000
1623 550000
1614 551000
1608 552000
1603 553000
1601 554000
1597 555000
1589 556000
1578 557000
1568 558000
1557 559000
1546 560000
1536 561000
1529 562000
1525 563000
1522 564000
1522 565000
1521 566000
1517 567000
1512 568000
1504 569000
1504 570000
1499 571000
1497 572000
1492 573000
1491 574000
1490 575000
1485 576000
1479 577000
1473 578000
1470 579000
1466 580000
1464 581000
1461 582000
1455 583000
1447 584000
1446 585000
1444 586000
1441 587000
1438 588000
1435 589000
1437 590000
1437 591000
1423 592000
1415 593000
1410 594000
1406 595000
1398 596000
1397 597000
1398 598000
1396 599000
1395 600000
1398 601000
1403 602000
1400 603000
1396 604000
1392 605000
1392 606000
1387 607000
1381 608000
1373 609000
1364 610000
1357 611000
1350 612000
1344 613000
1342 614000
1342 615000
1339 616000
1331 617000
1323 618000
1318 619000
1315 620000
1305 621000
1292 622000
1282 623000
1269 624000
1262 625000
1253 626000
1244 627000
1237 628000
1227 629000
1216 630000
1202 631000
1194 632000
1189 633000
1182 634000
1175 635000
1161 636000
1140 637000
1128 638000
1125 639000
1118 640000
1113 641000
1104 642000
1093 643000
1087 644000
1079 645000
1076 646000
1075 647000
1072 648000
1065 649000
1054 650000
1040 651000
1033 652000
1023 653000
1019 654000
1008 655000
1003 656000
996 657000
