5000 22989
5000 23989
5000 24989
5000 25989
5000 26989
4998 27989
4979 28989
4984 29989
4971 30989
4971 31989
4969 32989
4970 33989
4973 34989
4965 35989
4965 36989
4959 37989
4957 38989
4965 39989
4952 40989
4958 41989
4946 42989
4951 43989
4941 44989
4936 45989
4943 46989
4927 47989
4949 48989
4941 49989
4931 50989
4933 51989
4922 52989
4917 53989
4926 54989
4932 55989
4942 56989
4939 57989
4946 58989
4946 59989
4930 60989
4928 61989
4919 62989
4919 63989
4902 64989
4881 65989
4870 66989
4864 67989
4853 68989
4850 69989
4834 70989
4823 71989
4813 72989
4799 73989
4786 74989
4775 75989
4763 76989
4756 77989
4749 78989
4728 79989
4716 80989
4712 81989
4695 82989
4690 83989
4674 84989
4671 85989
4662 86989
4655 87989
4646 88989
4647 89989
4644 90989
4650 91989
4638 92989
4643 93989
4629 94989
4626 95989
4624 96989
4629 97989
4618 98989
4627 99989
4635 100989
4622 101989
4627 102989
4622 103989
4619 104989
4609 105989
4611 106989
4600 107989
4592 108989
4587 109989
4575 110989
4571 111989
4570 112989
4565 113989
4569 114989
4558 115989
4564 116989
4556 117989
4553 118989
4545 119989
4545 120989
4554 121989
4548 122989
4539 123989
4517 124989
4517 125989
4515 126989
4522 127989
4530 128989
4548 129989
4549 130989
4565 131989
4562 132989
4560 133989
4553 134989
4544 135989
4542 136989
4540 137989
4535 138989
4529 139989
4549 140989
4548 141989
4526 142989
4505 143989
4492 144989
4484 145989
4472 146989
4470 147989
4461 148989
4459 149989
4459 150989
4455 151989
4452 152989
4433 153989
4434 154989
4423 155989
4415 156989
4406 157989
4407 158989
4405 159989
4402 160989
4390 161989
4394 162989
4396 163989
4388 164989
4383 165989
4374 166989
4375 167989
4371 168989
4362 169989
4348 170989
4338 171989
4332 172989
4315 173989
4301 174989
4292 175989
4287 176989
4274 177989
4260 178989
4253 179989
4236 180989
4223 181989
4196 182989
4185 183989
4167 184989
4144 185989
4121 186989
4114 187989
4103 188989
4080 189989
4069 190989
4055 191989
4028 192989
4012 193989
4006 194989
4013 195989
3996 196989
3996 197989
3997 198989
3994 199989
3999 200989
4002 201989
4010 202989
4011 203989
4006 204989
4016 205989
4013 206989
4007 207989
4010 208989
4009 209989
4012 210989
4027 211989
4031 212989
4015 213989
4016 214989
4009 215989
4015 216989
4011 217989
3987 218989
3977 219989
3982 220989
3989 221989
3992 222989
3987 223989
3996 224989
4002 225989
4010 226989
4031 227989
4057 228989
4033 229989
3929 230989
3915 231989
3918 232989
3891 233989
3896 234989
3922 235989
3943 236989
3936 237989
3925 238989
3920 239989
3893 240989
3885 241989
3883 242989
3889 243989
3891 244989
3891 245989
3883 246989
3857 247989
3843 248989
3838 249989
3825 250989
3819 251989
3813 252989
3796 253989
3796 254989
3800 255989
3801 256989
3812 257989
3805 258989
3805 259989
3799 260989
3801 261989
3792 262989
3784 263989
3785 264989
3780 265989
3770 266989
3757 267989
3748 268989
3736 269989
3734 270989
3729 271989
3724 272989
3721 273989
3718 274989
3714 275989
3716 276989
3713 277989
3710 278989
3705 279989
3701 280989
3682 281989
3673 282989
3666 283989
3658 284989
3637 285989
3623 286989
3608 287989
3573 288989
3556 289989
3538 290989
3515 291989
3492 292989
3475 293989
3448 294989
3424 295989
3401 296989
3369 297989
3358 298989
3356 299989
3345 300989
3318 301989
3311 302989
3300 303989
3298 304989
3286 305989
3274 306989
3271 307989
3267 308989
3258 309989
3272 310989
3272 311989
3287 312989
3298 313989
3289 314989
3298 315989
3284 316989
3279 317989
3262 318989
3248 319989
3249 320989
3239 321989
3232 322989
3236 323989
3233 324989
3230 325989
3221 326989
3215 327989
3212 328989
3205 329989
3198 330989
3200 331989
3189 332989
3187 333989
3209 334989
3206 335989
3202 336989
3207 337989
3221 338989
3233 339989
3227 340989
3225 341989
3220 342989
3220 343989
3214 344989
3202 345989
3201 346989
3208 347989
3207 348989
3194 349989
3196 350989
3202 351989
3198 352989
3197 353989
3190 354989
3167 355989
3108 356989
3087 357989
3062 358989
3065 359989
3061 360989
3068 361989
3076 362989
3079 363989
3086 364989
3095 365989
3092 366989
3083 367989
3069 368989
3056 369989
3043 370989
3033 371989
3001 372989
3000 373989
2986 374989
2976 375989
2954 376989
2929 377989
2918 378989
2893 379989
2871 380989
2860 381989
2846 382989
2834 383989
2820 384989
2811 385989
2804 386989
2810 387989
2804 388989
2798 389989
2794 390989
2797 391989
2790 392989
2786 393989
2769 394989
2759 395989
2745 396989
2731 397989
2715 398989
2700 399989
2685 400989
2676 401989
2661 402989
2654 403989
2647 404989
2635 405989
2618 406989
2605 407989
2599 408989
2583 409989
2577 410989
2567 411989
2559 412989
2555 413989
2541 414989
2538 415989
2540 416989
2520 417989
2524 418989
2529 419989
2534 420989
2530 421989
2522 422989
2518 423989
2510 424989
2506 425989
2505 426989
2506 427989
2509 428989
2511 429989
2485 430989
2474 431989
2464 432989
2461 433989
2461 434989
2441 435989
2439 436989
2431 437989
2424 438989
2424 439989
2412 440989
2404 441989
2399 442989
2406 443989
2408 444989
2404 445989
2408 446989
2401 447989
2399 448989
2385 449989
2375 450989
2373 451989
2383 452989
2385 453989
2392 454989
2396 455989
2387 456989
2378 457989
2375 458989
2385 459989
2393 460989
2394 461989
2397 462989
2364 463989
2357 464989
2353 465989
2337 466989
2332 467989
2321 468989
2321 469989
2313 470989
2309 471989
2303 472989
2291 473989
2281 474989
2274 475989
2271 476989
2270 477989
2267 478989
2259 479989
2253 480989
2233 481989
2219 482989
2205 483989
2188 484989
2174 485989
2162 486989
2152 487989
2142 488989
2130 489989
2119 490989
2115 491989
2106 492989
2106 493989
2106 494989
2098 495989
2076 496989
2073 497989
2063 498989
2051 499989
2046 500989
2035 501989
2027 502989
2012 503989
1992 504989
1973 505989
1945 506989
1920 507989
1881 508989
1868 509989
1835 510989
1814 511989
1810 512989
1794 513989
1788 514989
1782 515989
1772 516989
1761 517989
1753 518989
1752 519989
1760 520989
1760 521989
1758 522989
1752 523989
1751 524989
1756 525989
1757 526989
1751 527989
1753 528989
1756 529989
1756 530989
1748 531989
1731 532989
1684 533989
1669 534989
1662 535989
1647 536989
1648 537989
1645 538989
1646 539989
1646 540989
1643 541989
1646 542989
1652 543989
1647 544989
1645 545989
1641 546989
1640 547989
1623 548989
1609 549989
1614 550989
1622 551989
1630 552989
1628 553989
1627 554989
1628 555989
1633 556989
1635 557989
1633 558989
1634 559989
1633 560989
1630 561989
1628 562989
1625 563989
1633 564989
1637 565989
1643 566989
1649 567989
1659 568989
1659 569989
1656 570989
1652 571989
1631 572989
1616 573989
1611 574989
1599 575989
1584 576989
1580 577989
1571 578989
1557 579989
1549 580989
1543 581989
1540 582989
1534 583989
1530 584989
1523 585989
1518 586989
1518 587989
1518 588989
1518 589989
1519 590989
1518 591989
1519 592989
1518 593989
1521 594989
1520 595989
1518 596989
1518 597989
1516 598989
1503 599989
1474 600989
1460 601989
1446 602989
1437 603989
1427 604989
1417 605989
1410 606989
1406 607989
1403 608989
1399 609989
1399 610989
1393 611989
1389 612989
1380 613989
1370 614989
1366 615989
1355 616989
1345 617989
1331 618989
1319 619989
1303 620989
1287 621989
1270 622989
1246 623989
1229 624989
1216 625989
1198 626989
1186 627989
1176 628989
1167 629989
1153 630989
1145 631989
1135 632989
1135 633989
1131 634989
1129 635989
1120 636989
1118 637989
1111 638989
1113 639989
1106 640989
1101 641989
1096 642989
1091 643989
1087 644989
1081 645989
1079 646989
1067 647989
1062 648989
1060 649989
1050 650989
1041 651989
1037 652989
1026 653989
1021 654989
1021 655989
1018 656989
1025 657989
1025 658989
1027 659989
1030 660989
1028 661989
1024 662989
1024 663989
1023 664989
1028 665989
1022 666989
1015 667989
1012 668989
1007 669989
1006 670989
1007 671989
1004 672989
1002 673989
1004 674989
1003 675989
1003 676989
1002 677989
1004 678989
1005 679989
1003 680989
1004 681989
1002 682989
1001 683989
1000 684989
991 685989
