4318 -75485
4317 -62985
4315 -32485
4311 -31985
4307 -31485
4306 -30985
4304 -30485
4301 -29985
4297 -29485
4295 -28985
4292 -28485
4290 -27985
4285 -27485
4283 -26985
4280 -26485
4278 -25985
4276 -25485
4272 -24985
4270 -24485
4267 -23985
4258 -23485
4255 -21985
4254 -21485
4247 -20485
4244 -19985
4242 -19485
4239 -18985
4236 -18485
4233 -17985
4230 -17485
4228 -16985
4226 -16485
4221 -15985
4210 -15485
4206 -13485
4202 -12985
4199 -12485
4198 -11985
4195 -11485
4193 -10985
4189 -10485
4188 -9985
4185 -9485
4183 -8985
4179 -8485
4174 -7985
4172 -7485
4170 -6985
4164 -6485
4162 -5985
4161 -5485
4157 -4985
4154 -4485
4152 -3985
4148 -3485
4146 -2985
4142 -2485
4141 -1985
4136 -1485
4133 -985
4130 -485
4128 15
4125 515
4122 1015
4120 1515
4115 2015
4113 2515
4110 3015
4106 3515
4105 4015
4102 4515
4098 5015
4095 5515
4092 6015
4089 6515
4086 7015
4084 7515
4081 8015
4077 8515
4075 9015
4071 9515
4069 10015
4065 10515
4059 11015
4058 11515
4056 12015
4053 12515
4051 13015
4047 13515
4043 14015
4041 14515
4038 15015
4034 15515
4032 16015
4029 16515
4028 17015
4023 17515
4019 18015
4015 18515
4013 19015
4009 19515
4007 20015
4004 20515
4002 21015
3998 21515
3991 22515
3989 23015
3985 23515
3982 24015
3977 24515
3976 25015
3973 25515
3968 26015
3965 26515
3962 27015
3959 27515
3956 28015
3952 28515
3950 29015
3948 29515
3942 30015
3934 30515
3937 31015
3933 31515
3930 32015
3927 32515
3924 33015
3919 33515
3916 34015
3911 35015
3908 35515
3906 36015
3901 36515
3898 37015
3895 37515
3893 38015
3889 38515
3886 39015
3883 39515
3879 40015
3876 40515
3873 41015
3868 41515
3866 42015
3863 42515
3861 43015
3858 43515
3854 44015
3851 44515
3847 45015
3844 45515
3841 46015
3837 47015
3834 47515
3830 48015
3826 48515
3822 49015
3821 49515
3817 50015
3814 50515
3810 51015
3810 51515
3806 52015
3801 52515
3800 53015
3795 53515
3792 54015
3790 54515
3788 55015
3785 55515
3782 56015
3779 56515
3777 57015
3772 57515
3769 58015
3768 58515
3765 59015
3762 59515
3759 60015
3756 60515
3752 61015
3750 61515
3748 62015
3746 62515
3743 63015
3740 63515
3737 64015
3733 64515
3736 65015
3728 65515
3726 66015
3724 66515
3719 67015
3716 67515
3714 68015
3713 68515
3709 69015
3705 69515
3703 70015
3702 70515
3697 71015
3696 71515
3689 72515
3683 73515
3682 74015
3678 74515
3676 75015
3672 75515
3670 76015
3668 76515
3664 77015
3661 77515
3659 78015
3656 78515
3652 79015
3651 79515
3649 80015
