5000 -4000
4999 -3000
4988 -2000
4986 -1000
4985 0
4988 1000
4987 2000
4984 3000
4978 4000
4968 5000
4959 6000
4950 7000
4940 8000
4940 9000
4925 10000
4922 11000
4913 12000
4907 13000
4894 14000
4894 15000
4880 16000
4874 17000
4870 18000
4873 19000
4872 20000
4879 21000
4880 22000
4886 23000
4895 24000
4902 25000
4896 26000
4896 27000
4897 28000
4894 29000
4900 30000
4911 31000
4923 32000
4919 33000
4914 34000
4906 35000
4900 36000
4895 37000
4890 38000
4887 39000
4888 40000
4887 41000
4893 42000
4897 43000
4907 44000
4905 45000
4914 46000
4913 47000
4923 48000
4925 49000
4930 50000
4934 51000
4931 52000
4917 53000
4921 54000
4928 55000
4919 56000
4918 57000
4933 58000
4924 59000
4916 60000
4922 61000
4910 62000
4915 63000
4915 64000
4908 65000
4876 66000
4871 67000
4861 68000
4853 69000
4844 70000
4840 71000
4828 72000
4818 73000
4816 74000
4814 75000
4811 76000
4801 77000
4790 78000
4784 79000
4776 80000
4770 81000
4758 82000
4756 83000
4743 84000
4740 85000
4734 86000
4718 87000
4698 88000
4705 89000
4689 90000
4690 91000
4681 92000
4673 93000
4668 94000
4653 95000
4640 96000
4633 97000
4621 98000
4619 99000
4617 100000
4606 101000
4593 102000
4586 103000
4581 104000
4577 105000
4573 106000
4561 107000
4542 108000
4542 109000
4535 110000
4533 111000
4529 112000
4531 113000
4528 114000
4515 115000
4498 116000
4485 117000
4484 118000
4475 119000
4470 120000
4457 121000
4454 122000
4445 123000
4449 124000
4429 125000
4428 126000
4421 127000
4407 128000
4393 129000
4391 130000
4384 131000
4378 132000
4369 133000
4361 134000
4361 135000
4347 136000
4336 137000
4328 138000
4317 139000
4307 140000
4305 141000
4316 142000
4318 143000
4312 144000
4313 145000
4317 146000
4315 147000
4316 148000
4322 149000
4339 150000
4362 151000
4368 152000
4362 153000
4368 154000
4377 155000
4388 156000
4388 157000
4404 158000
4401 159000
4401 160000
4410 161000
4405 162000
4409 163000
4403 164000
4400 165000
4392 166000
4394 167000
4393 168000
4389 169000
4380 170000
4387 171000
4383 172000
4374 173000
4365 174000
4354 175000
4347 176000
4341 177000
4327 178000
4293 179000
4281 180000
4274 181000
4265 182000
4258 183000
4247 184000
4243 185000
4238 186000
4232 187000
4224 188000
4220 189000
4210 190000
4202 191000
4195 192000
4188 193000
4186 194000
4187 195000
4175 196000
4155 197000
4145 198000
4144 199000
4138 200000
4149 201000
4146 202000
4141 203000
4149 204000
4152 205000
4121 206000
4099 207000
4093 208000
4077 209000
4065 210000
4055 211000
4053 212000
4035 213000
4032 214000
4020 215000
4011 216000
4013 217000
4016 218000
4016 219000
4024 220000
4011 221000
4004 222000
3994 223000
3975 224000
3970 225000
3954 226000
3937 227000
3927 228000
3929 229000
3938 230000
3937 231000
3911 232000
3903 233000
3896 234000
3897 235000
3894 236000
3890 237000
3881 238000
3872 239000
3861 240000
3855 241000
3850 242000
3838 243000
3824 244000
3818 245000
3813 246000
3815 247000
3818 248000
3796 249000
3772 250000
3760 251000
3760 252000
3751 253000
3754 254000
3767 255000
3774 256000
3777 257000
3761 258000
3757 259000
3745 260000
3752 261000
3753 262000
3788 263000
3801 264000
3794 265000
3797 266000
3791 267000
3783 268000
3781 269000
3776 270000
3763 271000
3753 272000
3746 273000
3746 274000
3760 275000
3762 276000
3762 277000
3744 278000
3725 279000
3705 280000
3695 281000
3683 282000
3686 283000
3687 284000
3656 285000
3633 286000
3628 287000
3621 288000
3595 289000
3587 290000
3599 291000
3576 292000
3569 293000
3577 294000
3578 295000
3565 296000
3552 297000
3531 298000
3521 299000
3515 300000
3500 301000
3488 302000
3467 303000
3450 304000
3433 305000
3428 306000
3417 307000
3412 308000
3396 309000
3382 310000
3378 311000
3364 312000
3351 313000
3355 314000
3353 315000
3343 316000
3330 317000
3306 318000
3301 319000
3292 320000
3287 321000
3280 322000
3285 323000
3303 324000
3300 325000
3294 326000
3293 327000
3280 328000
3269 329000
3259 330000
3256 331000
3256 332000
3242 333000
3254 334000
3241 335000
3231 336000
3224 337000
3217 338000
3212 339000
3208 340000
3205 341000
3196 342000
3192 343000
3184 344000
3178 345000
3166 346000
3162 347000
3147 348000
3133 349000
3118 350000
3107 351000
3089 352000
3082 353000
3063 354000
3051 355000
3045 356000
3042 357000
3034 358000
3019 359000
3009 360000
3006 361000
2995 362000
2991 363000
3001 364000
2998 365000
2992 366000
2983 367000
2976 368000
2948 369000
2933 370000
2931 371000
2925 372000
2916 373000
2916 374000
2902 375000
2882 376000
2896 377000
2906 378000
2906 379000
2897 380000
2889 381000
2883 382000
2864 383000
2862 384000
2838 385000
2809 386000
2807 387000
2803 388000
2802 389000
2819 390000
2821 391000
2822 392000
2833 393000
2849 394000
2857 395000
2857 396000
2853 397000
2828 398000
2805 399000
2800 400000
2783 401000
2776 402000
2782 403000
2763 404000
2766 405000
2750 406000
2735 407000
2729 408000
2721 409000
2725 410000
2705 411000
2695 412000
2697 413000
2684 414000
2674 415000
2667 416000
2662 417000
2643 418000
2637 419000
2621 420000
2622 421000
2618 422000
2612 423000
2608 424000
2611 425000
2609 426000
2615 427000
2598 428000
2596 429000
2611 430000
2576 431000
2569 432000
2565 433000
2569 434000
2566 435000
2563 436000
2560 437000
2554 438000
2549 439000
2547 440000
2541 441000
2528 442000
2514 443000
2516 444000
2507 445000
2491 446000
2479 447000
2473 448000
2467 449000
2456 450000
2461 451000
2445 452000
2432 453000
2431 454000
2418 455000
2410 456000
2404 457000
2393 458000
2415 459000
2405 460000
2394 461000
2381 462000
2365 463000
2365 464000
2344 465000
2316 466000
2313 467000
2313 468000
2304 469000
2303 470000
2281 471000
2259 472000
2245 473000
2233 474000
2221 475000
2213 476000
2201 477000
2201 478000
2183 479000
2173 480000
2155 481000
2145 482000
2135 483000
2126 484000
2115 485000
2107 486000
2103 487000
2091 488000
2090 489000
2096 490000
2069 491000
2062 492000
2054 493000
2048 494000
2043 495000
2044 496000
2031 497000
2019 498000
2024 499000
2012 500000
2011 501000
2018 502000
2006 503000
1992 504000
1996 505000
1996 506000
1998 507000
2010 508000
1985 509000
1990 510000
1983 511000
1971 512000
1971 513000
1956 514000
1933 515000
1923 516000
1910 517000
1902 518000
1890 519000
1884 520000
1874 521000
1873 522000
1874 523000
1862 524000
1865 525000
1840 526000
1823 527000
1826 528000
1824 529000
1809 530000
1805 531000
1809 532000
1808 533000
1806 534000
1797 535000
1793 536000
1786 537000
1786 538000
1787 539000
1783 540000
1774 541000
1785 542000
1785 543000
1792 544000
1787 545000
1784 546000
1782 547000
1771 548000
1759 549000
1770 550000
1777 551000
1793 552000
1775 553000
1755 554000
1740 555000
1739 556000
1737 557000
1737 558000
1744 559000
1718 560000
1709 561000
1718 562000
1710 563000
1700 564000
1702 565000
1706 566000
1682 567000
1658 568000
1644 569000
1642 570000
1624 571000
1603 572000
1586 573000
1569 574000
1563 575000
1539 576000
1522 577000
1507 578000
1496 579000
1490 580000
1472 581000
1464 582000
1461 583000
1451 584000
1444 585000
1440 586000
1439 587000
1435 588000
1438 589000
1413 590000
1413 591000
1406 592000
1397 593000
1405 594000
1383 595000
1370 596000
1379 597000
1375 598000
1356 599000
1348 600000
1349 601000
1342 602000
1339 603000
1322 604000
1316 605000
1312 606000
1312 607000
1321 608000
1333 609000
1331 610000
1313 611000
1315 612000
1316 613000
1325 614000
1317 615000
1311 616000
1316 617000
1309 618000
1301 619000
1290 620000
1259 621000
1237 622000
1239 623000
1220 624000
1215 625000
1205 626000
1192 627000
1163 628000
1153 629000
1147 630000
1150 631000
1156 632000
1151 633000
1149 634000
1164 635000
1160 636000
1160 637000
1172 638000
1184 639000
1163 640000
1163 641000
1160 642000
1163 643000
1172 644000
1162 645000
1159 646000
1158 647000
1157 648000
1157 649000
1170 650000
1177 651000
1171 652000
1173 653000
1188 654000
1188 655000
1177 656000
1174 657000
1180 658000
1176 659000
1171 660000
1168 661000
1157 662000
1158 663000
1159 664000
1155 665000
1163 666000
1157 667000
1146 668000
1133 669000
1130 670000
1103 671000
1094 672000
1090 673000
1082 674000
1086 675000
1072 676000
1057 677000
1037 678000
1031 679000
1024 680000
1006 681000
1006 682000
991 683000
