5000 -4001
5000 -3001
5000 -2001
5000 -1001
5000 -1
4984 999
4974 1999
4971 2999
4968 3999
4971 4999
4967 5999
4974 6999
4966 7999
4971 8999
4967 9999
4966 10999
4959 11999
4948 12999
4944 13999
4937 14999
4935 15999
4930 16999
4926 17999
4921 18999
4913 19999
4910 20999
4909 21999
4901 22999
4899 23999
4884 24999
4878 25999
4871 26999
4859 27999
4852 28999
4840 29999
4835 30999
4831 31999
4829 32999
4823 33999
4822 34999
4816 35999
4813 36999
4805 37999
4802 38999
4794 39999
4789 40999
4784 41999
4776 42999
4771 43999
4763 44999
4761 45999
4755 46999
4754 47999
4754 48999
4747 49999
4743 50999
4737 51999
4733 52999
4726 53999
4728 54999
4722 55999
4716 56999
4719 57999
4715 58999
4713 59999
4705 60999
4701 61999
4696 62999
4693 63999
4684 64999
4685 65999
4682 66999
4667 67999
4663 68999
4664 69999
4668 70999
4659 71999
4655 72999
4656 73999
4648 74999
4646 75999
4644 76999
4643 77999
4638 78999
4638 79999
4639 80999
4633 81999
4631 82999
4627 83999
4621 84999
4621 85999
4617 86999
4614 87999
4609 88999
4599 89999
4594 90999
4594 91999
4591 92999
4586 93999
4579 94999
4577 95999
4570 96999
4568 97999
4560 98999
4554 99999
4549 100999
4547 101999
4545 102999
4543 103999
4527 104999
4516 105999
4514 106999
4509 107999
4500 108999
4484 109999
4477 110999
4474 111999
4466 112999
4462 113999
4453 114999
4448 115999
4444 116999
4436 117999
4428 118999
4427 119999
4417 120999
4412 121999
4400 122999
4394 123999
4387 124999
4379 125999
4370 126999
4366 127999
4361 128999
4355 129999
4337 130999
4328 131999
4315 132999
4303 133999
4301 134999
4296 135999
4292 136999
4278 137999
4274 138999
4261 139999
4265 140999
4252 141999
4245 142999
4248 143999
4243 144999
4239 145999
4224 146999
4221 147999
4217 148999
4207 149999
4203 150999
4189 151999
4185 152999
4180 153999
4178 154999
4172 155999
4168 156999
4166 157999
4157 158999
4153 159999
4151 160999
4141 161999
4131 162999
4128 163999
4121 164999
4114 165999
4115 166999
4112 167999
4108 168999
4100 169999
4096 170999
4090 171999
4085 172999
4077 173999
4071 174999
4072 175999
4075 176999
4071 177999
4065 178999
4064 179999
4050 180999
4053 181999
4058 182999
4058 183999
4060 184999
4054 185999
4055 186999
4055 187999
4062 188999
4045 189999
4039 190999
4038 191999
4031 192999
4018 193999
4019 194999
4012 195999
4007 196999
4000 197999
3998 198999
3996 199999
3989 200999
3983 201999
3976 202999
3970 203999
3964 204999
3959 205999
3949 206999
3946 207999
3939 208999
3934 209999
3922 210999
3913 211999
3907 212999
3902 213999
3891 214999
3882 215999
3868 216999
3867 217999
3859 218999
3851 219999
3840 220999
3833 221999
3828 222999
3816 223999
3803 224999
3787 225999
3778 226999
3764 227999
3757 228999
3749 229999
3733 230999
3728 231999
3720 232999
3713 233999
3699 234999
3701 235999
3692 236999
3683 237999
3676 238999
3670 239999
3657 240999
3645 241999
3636 242999
3626 243999
3618 244999
3611 245999
3606 246999
3605 247999
3612 248999
3614 249999
3612 250999
3608 251999
3600 252999
3591 253999
3579 254999
3568 255999
3559 256999
3549 257999
3537 258999
3532 259999
3526 260999
3518 261999
3507 262999
3500 263999
3488 264999
3479 265999
3474 266999
3466 267999
3456 268999
3448 269999
3441 270999
3432 271999
3428 272999
3423 273999
3416 274999
3410 275999
3411 276999
3408 277999
3402 278999
3402 279999
3394 280999
3391 281999
3390 282999
3386 283999
3384 284999
3379 285999
3376 286999
3370 287999
3366 288999
3360 289999
3363 290999
3361 291999
3361 292999
3353 293999
3347 294999
3340 295999
3337 296999
3335 297999
3332 298999
3329 299999
3323 300999
3320 301999
3321 302999
3310 303999
3308 304999
3301 305999
3286 306999
3274 307999
3259 308999
3252 309999
3245 310999
3240 311999
3237 312999
3237 313999
3229 314999
3224 315999
3216 316999
3203 317999
3196 318999
3188 319999
3176 320999
3166 321999
3159 322999
3151 323999
3135 324999
3123 325999
3121 326999
3110 327999
3094 328999
3074 329999
3073 330999
3066 331999
3044 332999
3018 333999
3009 334999
2998 335999
2984 336999
2972 337999
2972 338999
2967 339999
2961 340999
2960 341999
2954 342999
2937 343999
2924 344999
2918 345999
2913 346999
2906 347999
2899 348999
2887 349999
2883 350999
2877 351999
2865 352999
2856 353999
2842 354999
2833 355999
2831 356999
2823 357999
2817 358999
2808 359999
2800 360999
2789 361999
2783 362999
2774 363999
2762 364999
2745 365999
2738 366999
2732 367999
2724 368999
2718 369999
2705 370999
2699 371999
2689 372999
2680 373999
2675 374999
2673 375999
2672 376999
2666 377999
2655 378999
2647 379999
2638 380999
2636 381999
2631 382999
2627 383999
2624 384999
2616 385999
2611 386999
2615 387999
2615 388999
2618 389999
2616 390999
2610 391999
2608 392999
2607 393999
2601 394999
2599 395999
2591 396999
2587 397999
2583 398999
2580 399999
2581 400999
2579 401999
2580 402999
2582 403999
2574 404999
2571 405999
2564 406999
2555 407999
2551 408999
2549 409999
2546 410999
2540 411999
2536 412999
2525 413999
2508 414999
2499 415999
2496 416999
2486 417999
2480 418999
2469 419999
2464 420999
2454 421999
2445 422999
2437 423999
2429 424999
2410 425999
2394 426999
2381 427999
2371 428999
2361 429999
2355 430999
2338 431999
2328 432999
2309 433999
2298 434999
2280 435999
2268 436999
2257 437999
2250 438999
2235 439999
2207 440999
2187 441999
2178 442999
2171 443999
2165 444999
2154 445999
2151 446999
2149 447999
2146 448999
2139 449999
2134 450999
2130 451999
2125 452999
2123 453999
2108 454999
2109 455999
2105 456999
2100 457999
2081 458999
2074 459999
2070 460999
2060 461999
2050 462999
2038 463999
2028 464999
2018 465999
2003 466999
2000 467999
1995 468999
1985 469999
1985 470999
1966 471999
1952 472999
1943 473999
1939 474999
1932 475999
1921 476999
1912 477999
1896 478999
1891 479999
1889 480999
1883 481999
1882 482999
1878 483999
1877 484999
1887 485999
1877 486999
1871 487999
1871 488999
1868 489999
1867 490999
1870 491999
1859 492999
1855 493999
1845 494999
1843 495999
1846 496999
1837 497999
1831 498999
1831 499999
1828 500999
1825 501999
1821 502999
1817 503999
1813 504999
1806 505999
1806 506999
1805 507999
1810 508999
1810 509999
1807 510999
1807 511999
1806 512999
1799 513999
1800 514999
1793 515999
1794 516999
1786 517999
1779 518999
1770 519999
1765 520999
1760 521999
1752 522999
1740 523999
1735 524999
1726 525999
1720 526999
1717 527999
1711 528999
1703 529999
1700 530999
1689 531999
1674 532999
1663 533999
1644 534999
1640 535999
1629 536999
1621 537999
1610 538999
1595 539999
1580 540999
1567 541999
1554 542999
1547 543999
1538 544999
1526 545999
1511 546999
1505 547999
1490 548999
1480 549999
1472 550999
1460 551999
1446 552999
1440 553999
1429 554999
1418 555999
1405 556999
1400 557999
1398 558999
1382 559999
1370 560999
1362 561999
1359 562999
1353 563999
1349 564999
1345 565999
1343 566999
1334 567999
1325 568999
1304 569999
1296 570999
1289 571999
1277 572999
1270 573999
1268 574999
1254 575999
1250 576999
1243 577999
1235 578999
1226 579999
1218 580999
1210 581999
1205 582999
1199 583999
1198 584999
1199 585999
1184 586999
1183 587999
1177 588999
1173 589999
1170 590999
1165 591999
1163 592999
1161 593999
1162 594999
1157 595999
1156 596999
1154 597999
1152 598999
1151 599999
1150 600999
1149 601999
1147 602999
1145 603999
1142 604999
1138 605999
1141 606999
1142 607999
1142 608999
1143 609999
1143 610999
1142 611999
1141 612999
1140 613999
1138 614999
1130 615999
1142 616999
1139 617999
1140 618999
1139 619999
1136 620999
1129 621999
1124 622999
1118 623999
1112 624999
1108 625999
1097 626999
1092 627999
1085 628999
1076 629999
1065 630999
1057 631999
1049 632999
1046 633999
1040 634999
1031 635999
1019 636999
1010 637999
1004 638999
991 639999
