4980 16000
4968 17000
4963 18000
4959 19000
4959 20000
4952 21000
4942 22000
4941 23000
4938 24000
4935 25000
4932 26000
4927 27000
4924 28000
4922 29000
4911 30000
4903 31000
4892 32000
4886 33000
4874 34000
4869 35000
4866 36000
4867 37000
4857 38000
4841 39000
4825 40000
4816 41000
4807 42000
4798 43000
4788 44000
4780 45000
4774 46000
4771 47000
4767 48000
4765 49000
4762 50000
4767 51000
4763 52000
4756 53000
4755 54000
4751 55000
4750 56000
4746 57000
4742 58000
4742 59000
4739 60000
4735 61000
4732 62000
4729 63000
4727 64000
4730 65000
4734 66000
4732 67000
4732 68000
4735 69000
4732 70000
4735 71000
4736 72000
4733 73000
4738 74000
4738 75000
4740 76000
4736 77000
4738 78000
4741 79000
4744 80000
4743 81000
4743 82000
4740 83000
4746 84000
4748 85000
4736 86000
4737 87000
4730 88000
4722 89000
4717 90000
4712 91000
4709 92000
4692 93000
4683 94000
4673 95000
4650 96000
4647 97000
4654 98000
4665 99000
4670 100000
4659 101000
4649 102000
4647 103000
4632 104000
4629 105000
4604 106000
4598 107000
4593 108000
4589 109000
4579 110000
4569 111000
4555 112000
4554 113000
4556 114000
4547 115000
4540 116000
4535 117000
4518 118000
4497 119000
4487 120000
4475 121000
4468 122000
4461 123000
4458 124000
4453 125000
4449 126000
4442 127000
4434 128000
4425 129000
4418 130000
4412 131000
4404 132000
4397 133000
4398 134000
4390 135000
4378 136000
4369 137000
4356 138000
4347 139000
4347 140000
4352 141000
4343 142000
4329 143000
4317 144000
4312 145000
4308 146000
4303 147000
4296 148000
4272 149000
4264 150000
4254 151000
4248 152000
4238 153000
4230 154000
4217 155000
4207 156000
4200 157000
4200 158000
4207 159000
4205 160000
4193 161000
4184 162000
4178 163000
4173 164000
4164 165000
4157 166000
4158 167000
4162 168000
4160 169000
4153 170000
4153 171000
4137 172000
4128 173000
4126 174000
4125 175000
4122 176000
4120 177000
4116 178000
4107 179000
4101 180000
4096 181000
4096 182000
4092 183000
4098 184000
4103 185000
4108 186000
4108 187000
4109 188000
4102 189000
4095 190000
4085 191000
4073 192000
4073 193000
4072 194000
4080 195000
4088 196000
4097 197000
4091 198000
4090 199000
4087 200000
4079 201000
4065 202000
4064 203000
4052 204000
4049 205000
4052 206000
4050 207000
4047 208000
4038 209000
4025 210000
4014 211000
4015 212000
4017 213000
4012 214000
4013 215000
4005 216000
3993 217000
3980 218000
3963 219000
3950 220000
3938 221000
3936 222000
3924 223000
3915 224000
3904 225000
3889 226000
3882 227000
3867 228000
3849 229000
3841 230000
3822 231000
3809 232000
3790 233000
3779 234000
3761 235000
3743 236000
3734 237000
3723 238000
3715 239000
3708 240000
3694 241000
3691 242000
3686 243000
3671 244000
3655 245000
3639 246000
3618 247000
3593 248000
3567 249000
3548 250000
3546 251000
3527 252000
3512 253000
3502 254000
3495 255000
3494 256000
3494 257000
3489 258000
3482 259000
3478 260000
3480 261000
3474 262000
3462 263000
3443 264000
3434 265000
3422 266000
3410 267000
3398 268000
3385 269000
3381 270000
3376 271000
3376 272000
3368 273000
3366 274000
3360 275000
3360 276000
3369 277000
3375 278000
3378 279000
3379 280000
3383 281000
3382 282000
3381 283000
3384 284000
3379 285000
3376 286000
3383 287000
3379 288000
3383 289000
3375 290000
3373 291000
3369 292000
3364 293000
3359 294000
3359 295000
3360 296000
3360 297000
3363 298000
3365 299000
3362 300000
3354 301000
3351 302000
3349 303000
3348 304000
3341 305000
3337 306000
3328 307000
3321 308000
3309 309000
3294 310000
3284 311000
3270 312000
3254 313000
3248 314000
3241 315000
3237 316000
3226 317000
3218 318000
3213 319000
3208 320000
3193 321000
3191 322000
3181 323000
3176 324000
3163 325000
3165 326000
3164 327000
3159 328000
3152 329000
3148 330000
3143 331000
3139 332000
3135 333000
3124 334000
3109 335000
3091 336000
3072 337000
3065 338000
3052 339000
3038 340000
3018 341000
3005 342000
2989 343000
2974 344000
2960 345000
2941 346000
2926 347000
2909 348000
2900 349000
2886 350000
2869 351000
2864 352000
2847 353000
2834 354000
2815 355000
2803 356000
2787 357000
2775 358000
2766 359000
2754 360000
2742 361000
2731 362000
2724 363000
2713 364000
2706 365000
2699 366000
2701 367000
2693 368000
2685 369000
2676 370000
2672 371000
2659 372000
2657 373000
2647 374000
2637 375000
2628 376000
2621 377000
2616 378000
2605 379000
2592 380000
2586 381000
2585 382000
2586 383000
2583 384000
2580 385000
2574 386000
2570 387000
2566 388000
2571 389000
2575 390000
2581 391000
2583 392000
2585 393000
2586 394000
2585 395000
2585 396000
2583 397000
2584 398000
2582 399000
2578 400000
2573 401000
2569 402000
2571 403000
2567 404000
2567 405000
2559 406000
2556 407000
2543 408000
2536 409000
2520 410000
2514 411000
2506 412000
2508 413000
2510 414000
2500 415000
2498 416000
2498 417000
2493 418000
2493 419000
2492 420000
2490 421000
2491 422000
2488 423000
2479 424000
2473 425000
2463 426000
2457 427000
2451 428000
2451 429000
2443 430000
2438 431000
2429 432000
2416 433000
2403 434000
2389 435000
2375 436000
2361 437000
2354 438000
2340 439000
2334 440000
2325 441000
2319 442000
2313 443000
2307 444000
2297 445000
2294 446000
2276 447000
2267 448000
2249 449000
2245 450000
2234 451000
2221 452000
2205 453000
2191 454000
2180 455000
2161 456000
2146 457000
2132 458000
2117 459000
2104 460000
2101 461000
2096 462000
2083 463000
2067 464000
2052 465000
2034 466000
2013 467000
1999 468000
1990 469000
1979 470000
1971 471000
1944 472000
1931 473000
1924 474000
1916 475000
1913 476000
1907 477000
1902 478000
1906 479000
1907 480000
1906 481000
1908 482000
1908 483000
1903 484000
1901 485000
1893 486000
1886 487000
1879 488000
1876 489000
1871 490000
1860 491000
1862 492000
1858 493000
1858 494000
1860 495000
1864 496000
1862 497000
1866 498000
1868 499000
1870 500000
1875 501000
1875 502000
1875 503000
1869 504000
1865 505000
1862 506000
1858 507000
1850 508000
1847 509000
1845 510000
1841 511000
1842 512000
1837 513000
1837 514000
1828 515000
1823 516000
1817 517000
1816 518000
1811 519000
1810 520000
1808 521000
1799 522000
1792 523000
1786 524000
1772 525000
1786 526000
1789 527000
1785 528000
1781 529000
1778 530000
1767 531000
1750 532000
1739 533000
1724 534000
1716 535000
1704 536000
1698 537000
1697 538000
1695 539000
1706 540000
1706 541000
1702 542000
1689 543000
1681 544000
1673 545000
1668 546000
1657 547000
1644 548000
1632 549000
1621 550000
1613 551000
1601 552000
1593 553000
1578 554000
1571 555000
1561 556000
1545 557000
1540 558000
1535 559000
1520 560000
1511 561000
1499 562000
1490 563000
1474 564000
1465 565000
1453 566000
1443 567000
1436 568000
1425 569000
1418 570000
1408 571000
1399 572000
1387 573000
1374 574000
1367 575000
1354 576000
1347 577000
1340 578000
1324 579000
1315 580000
1301 581000
1289 582000
1279 583000
1268 584000
1253 585000
1240 586000
1244 587000
1210 588000
1203 589000
1201 590000
1200 591000
1213 592000
1219 593000
1208 594000
1203 595000
1199 596000
1197 597000
1192 598000
1193 599000
1187 600000
1180 601000
1180 602000
1181 603000
1178 604000
1175 605000
1175 606000
1168 607000
1168 608000
1167 609000
1174 610000
1170 611000
1171 612000
1170 613000
1164 614000
1157 615000
1158 616000
1161 617000
1160 618000
1155 619000
1157 620000
1155 621000
1149 622000
1146 623000
1145 624000
1135 625000
1125 626000
1115 627000
1099 628000
1090 629000
1085 630000
1081 631000
1082 632000
1081 633000
1079 634000
1078 635000
1078 636000
1080 637000
1082 638000
1086 639000
1084 640000
1083 641000
1078 642000
1073 643000
1070 644000
1064 645000
1057 646000
1053 647000
1045 648000
1034 649000
1022 650000
1013 651000
1008 652000
1001 653000
993 654000
