4923 36000
4907 37000
4900 38000
4894 39000
4896 40000
4888 41000
4892 42000
4887 43000
4897 44000
4902 45000
4891 46000
4895 47000
4890 48000
4887 49000
4883 50000
4869 51000
4869 52000
4864 53000
4867 54000
4867 55000
4874 56000
4873 57000
4875 58000
4879 59000
4878 60000
4880 61000
4874 62000
4874 63000
4870 64000
4867 65000
4870 66000
4866 67000
4856 68000
4855 69000
4855 70000
4856 71000
4850 72000
4839 73000
4831 74000
4822 75000
4814 76000
4803 77000
4794 78000
4787 79000
4780 80000
4771 81000
4768 82000
4766 83000
4758 84000
4751 85000
4744 86000
4735 87000
4725 88000
4721 89000
4713 90000
4707 91000
4699 92000
4701 93000
4695 94000
4689 95000
4689 96000
4688 97000
4695 98000
4688 99000
4692 100000
4688 101000
4681 102000
4668 103000
4662 104000
4661 105000
4658 106000
4660 107000
4655 108000
4658 109000
4651 110000
4639 111000
4620 112000
4612 113000
4604 114000
4605 115000
4598 116000
4598 117000
4593 118000
4585 119000
4584 120000
4582 121000
4579 122000
4558 123000
4555 124000
4548 125000
4543 126000
4534 127000
4533 128000
4536 129000
4535 130000
4537 131000
4538 132000
4542 133000
4553 134000
4566 135000
4575 136000
4578 137000
4580 138000
4580 139000
4576 140000
4567 141000
4564 142000
4552 143000
4551 144000
4541 145000
4521 146000
4507 147000
4490 148000
4468 149000
4448 150000
4437 151000
4418 152000
4401 153000
4387 154000
4373 155000
4351 156000
4335 157000
4326 158000
4318 159000
4311 160000
4307 161000
4300 162000
4302 163000
4299 164000
4291 165000
4284 166000
4284 167000
4276 168000
4274 169000
4274 170000
4272 171000
4274 172000
4269 173000
4257 174000
4252 175000
4254 176000
4249 177000
4240 178000
4248 179000
4252 180000
4248 181000
4243 182000
4250 183000
4235 184000
4241 185000
4256 186000
4262 187000
4265 188000
4283 189000
4283 190000
4284 191000
4268 192000
4263 193000
4259 194000
4263 195000
4256 196000
4251 197000
4249 198000
4261 199000
4268 200000
4278 201000
4279 202000
4282 203000
4276 204000
4278 205000
4262 206000
4253 207000
4241 208000
4231 209000
4224 210000
4223 211000
4220 212000
4215 213000
4222 214000
4221 215000
4221 216000
4220 217000
4219 218000
4215 219000
4202 220000
4197 221000
4188 222000
4182 223000
4168 224000
4151 225000
4139 226000
4132 227000
4133 228000
4125 229000
4122 230000
4113 231000
4099 232000
4088 233000
4076 234000
4063 235000
4052 236000
4029 237000
4005 238000
3992 239000
3984 240000
3976 241000
3970 242000
3965 243000
3962 244000
3956 245000
3949 246000
3943 247000
3933 248000
3918 249000
3908 250000
3877 251000
3858 252000
3844 253000
3824 254000
3804 255000
3794 256000
3777 257000
3763 258000
3756 259000
3745 260000
3741 261000
3734 262000
3732 263000
3731 264000
3723 265000
3722 266000
3714 267000
3715 268000
3710 269000
3703 270000
3697 271000
3696 272000
3695 273000
3692 274000
3691 275000
3690 276000
3691 277000
3689 278000
3692 279000
3687 280000
3673 281000
3664 282000
3654 283000
3634 284000
3619 285000
3603 286000
3585 287000
3573 288000
3562 289000
3550 290000
3528 291000
3507 292000
3487 293000
3461 294000
3439 295000
3425 296000
3403 297000
3401 298000
3394 299000
3394 300000
3387 301000
3380 302000
3373 303000
3362 304000
3351 305000
3340 306000
3330 307000
3323 308000
3316 309000
3316 310000
3314 311000
3328 312000
3337 313000
3342 314000
3342 315000
3348 316000
3346 317000
3347 318000
3342 319000
3342 320000
3333 321000
3328 322000
3303 323000
3290 324000
3268 325000
3249 326000
3227 327000
3206 328000
3193 329000
3172 330000
3165 331000
3147 332000
3130 333000
3116 334000
3097 335000
3096 336000
3085 337000
3070 338000
3060 339000
3056 340000
3049 341000
3032 342000
3021 343000
3007 344000
3005 345000
2998 346000
2997 347000
2994 348000
2989 349000
2983 350000
2970 351000
2961 352000
2961 353000
2952 354000
2955 355000
2957 356000
2951 357000
2949 358000
2942 359000
2934 360000
2918 361000
2913 362000
2909 363000
2899 364000
2895 365000
2888 366000
2890 367000
2885 368000
2882 369000
2876 370000
2869 371000
2858 372000
2842 373000
2840 374000
2831 375000
2821 376000
2807 377000
2797 378000
2790 379000
2785 380000
2783 381000
2780 382000
2774 383000
2767 384000
2768 385000
2763 386000
2763 387000
2762 388000
2755 389000
2754 390000
2751 391000
2738 392000
2717 393000
2706 394000
2693 395000
2686 396000
2679 397000
2670 398000
2662 399000
2654 400000
2648 401000
2638 402000
2632 403000
2629 404000
2624 405000
2616 406000
2607 407000
2601 408000
2590 409000
2583 410000
2578 411000
2570 412000
2560 413000
2552 414000
2540 415000
2527 416000
2516 417000
2502 418000
2488 419000
2470 420000
2450 421000
2434 422000
2426 423000
2408 424000
2395 425000
2377 426000
2366 427000
2351 428000
2343 429000
2334 430000
2326 431000
2318 432000
2305 433000
2295 434000
2288 435000
2274 436000
2273 437000
2255 438000
2248 439000
2237 440000
2229 441000
2227 442000
2226 443000
2221 444000
2218 445000
2214 446000
2211 447000
2210 448000
2207 449000
2196 450000
2192 451000
2186 452000
2172 453000
2165 454000
2151 455000
2139 456000
2125 457000
2121 458000
2110 459000
2107 460000
2105 461000
2103 462000
2098 463000
2095 464000
2094 465000
2092 466000
2088 467000
2086 468000
2085 469000
2083 470000
2086 471000
2080 472000
2079 473000
2077 474000
2071 475000
2069 476000
2069 477000
2067 478000
2067 479000
2067 480000
2063 481000
2056 482000
2047 483000
2037 484000
2026 485000
2009 486000
2003 487000
1991 488000
1985 489000
1981 490000
1980 491000
1971 492000
1964 493000
1955 494000
1949 495000
1936 496000
1934 497000
1928 498000
1923 499000
1916 500000
1914 501000
1909 502000
1905 503000
1902 504000
1897 505000
1897 506000
1891 507000
1887 508000
1886 509000
1882 510000
1872 511000
1873 512000
1868 513000
1864 514000
1861 515000
1856 516000
1850 517000
1849 518000
1842 519000
1831 520000
1819 521000
1808 522000
1793 523000
1775 524000
1748 525000
1720 526000
1703 527000
1691 528000
1679 529000
1669 530000
1659 531000
1654 532000
1647 533000
1644 534000
1635 535000
1624 536000
1624 537000
1612 538000
1606 539000
1600 540000
1587 541000
1576 542000
1552 543000
1536 544000
1531 545000
1513 546000
1509 547000
1497 548000
1496 549000
1486 550000
1476 551000
1476 552000
1467 553000
1462 554000
1456 555000
1453 556000
1450 557000
1446 558000
1446 559000
1441 560000
1435 561000
1435 562000
1427 563000
1421 564000
1408 565000
1406 566000
1404 567000
1404 568000
1399 569000
1399 570000
1396 571000
1391 572000
1389 573000
1385 574000
1377 575000
1369 576000
1346 577000
1335 578000
1333 579000
1325 580000
1321 581000
1313 582000
1309 583000
1301 584000
1293 585000
1292 586000
1284 587000
1284 588000
1275 589000
1273 590000
1265 591000
1256 592000
1248 593000
1225 594000
1218 595000
1210 596000
1206 597000
1204 598000
1202 599000
1200 600000
1202 601000
1197 602000
1197 603000
1194 604000
1191 605000
1191 606000
1190 607000
1188 608000
1183 609000
1181 610000
1177 611000
1175 612000
1172 613000
1171 614000
1167 615000
1164 616000
1158 617000
1157 618000
1151 619000
1146 620000
1147 621000
1143 622000
1144 623000
1141 624000
1138 625000
1134 626000
1130 627000
1127 628000
1123 629000
1105 630000
1087 631000
1073 632000
1058 633000
1057 634000
1051 635000
1051 636000
1050 637000
1043 638000
1043 639000
1041 640000
1037 641000
1031 642000
1025 643000
1018 644000
1010 645000
1007 646000
1000 647000
992 648000
