4984 15989
4978 16989
4963 17989
4963 18989
4957 19989
4945 20989
4928 21989
4916 22989
4909 23989
4895 24989
4889 25989
4880 26989
4885 27989
4890 28989
4885 29989
4891 30989
4883 31989
4885 32989
4878 33989
4873 34989
4869 35989
4878 36989
4876 37989
4877 38989
4883 39989
4877 40989
4875 41989
4870 42989
4865 43989
4870 44989
4867 45989
4862 46989
4856 47989
4853 48989
4850 49989
4852 50989
4848 51989
4848 52989
4843 53989
4841 54989
4840 55989
4844 56989
4836 57989
4830 58989
4825 59989
4822 60989
4819 61989
4806 62989
4801 63989
4799 64989
4786 65989
4784 66989
4775 67989
4773 68989
4778 69989
4781 70989
4792 71989
4787 72989
4782 73989
4786 74989
4782 75989
4790 76989
4778 77989
4774 78989
4770 79989
4779 80989
4778 81989
4759 82989
4756 83989
4759 84989
4755 85989
4759 86989
4759 87989
4757 88989
4754 89989
4748 90989
4747 91989
4740 92989
4738 93989
4741 94989
4731 95989
4726 96989
4718 97989
4714 98989
4708 99989
4709 100989
4702 101989
4694 102989
4689 103989
4680 104989
4682 105989
4670 106989
4662 107989
4653 108989
4650 109989
4639 110989
4638 111989
4632 112989
4618 113989
4608 114989
4605 115989
4600 116989
4579 117989
4568 118989
4560 119989
4550 120989
4538 121989
4532 122989
4523 123989
4516 124989
4504 125989
4496 126989
4486 127989
4467 128989
4456 129989
4437 130989
4424 131989
4421 132989
4411 133989
4406 134989
4411 135989
4408 136989
4406 137989
4398 138989
4392 139989
4392 140989
4387 141989
4368 142989
4351 143989
4336 144989
4332 145989
4317 146989
4311 147989
4307 148989
4298 149989
4289 150989
4271 151989
4263 152989
4259 153989
4249 154989
4242 155989
4240 156989
4238 157989
4235 158989
4236 159989
4240 160989
4242 161989
4245 162989
4249 163989
4245 164989
4243 165989
4241 166989
4229 167989
4232 168989
4219 169989
4211 170989
4205 171989
4199 172989
4194 173989
4187 174989
4185 175989
4177 176989
4176 177989
4173 178989
4174 179989
4177 180989
4178 181989
4171 182989
4181 183989
4180 184989
4176 185989
4182 186989
4178 187989
4172 188989
4168 189989
4167 190989
4169 191989
4164 192989
4161 193989
4158 194989
4153 195989
4153 196989
4151 197989
4149 198989
4142 199989
4141 200989
4133 201989
4128 202989
4123 203989
4117 204989
4114 205989
4106 206989
4104 207989
4095 208989
4082 209989
4081 210989
4069 211989
4055 212989
4051 213989
4043 214989
4032 215989
4026 216989
4016 217989
4018 218989
4014 219989
4003 220989
3999 221989
3983 222989
3977 223989
3971 224989
3953 225989
3938 226989
3929 227989
3916 228989
3908 229989
3897 230989
3890 231989
3875 232989
3874 233989
3867 234989
3858 235989
3835 236989
3811 237989
3790 238989
3789 239989
3780 240989
3774 241989
3771 242989
3761 243989
3759 244989
3748 245989
3739 246989
3721 247989
3718 248989
3711 249989
3710 250989
3702 251989
3692 252989
3685 253989
3672 254989
3661 255989
3652 256989
3642 257989
3633 258989
3616 259989
3609 260989
3600 261989
3583 262989
3578 263989
3581 264989
3581 265989
3583 266989
3583 267989
3585 268989
3582 269989
3576 270989
3572 271989
3565 272989
3562 273989
3557 274989
3552 275989
3545 276989
3539 277989
3526 278989
3519 279989
3511 280989
3512 281989
3505 282989
3499 283989
3496 284989
3489 285989
3492 286989
3495 287989
3502 288989
3509 289989
3500 290989
3486 291989
3481 292989
3489 293989
3481 294989
3472 295989
3472 296989
3471 297989
3471 298989
3471 299989
3469 300989
3474 301989
3472 302989
3468 303989
3471 304989
3469 305989
3469 306989
3462 307989
3464 308989
3465 309989
3447 310989
3434 311989
3426 312989
3422 313989
3414 314989
3408 315989
3399 316989
3390 317989
3381 318989
3373 319989
3366 320989
3359 321989
3354 322989
3346 323989
3333 324989
3322 325989
3318 326989
3306 327989
3298 328989
3291 329989
3284 330989
3266 331989
3248 332989
3228 333989
3217 334989
3208 335989
3197 336989
3190 337989
3182 338989
3163 339989
3153 340989
3146 341989
3136 342989
3117 343989
3096 344989
3068 345989
3055 346989
3038 347989
3036 348989
3033 349989
3031 350989
3015 351989
3000 352989
2989 353989
2971 354989
2961 355989
2952 356989
2937 357989
2924 358989
2917 359989
2904 360989
2898 361989
2886 362989
2874 363989
2861 364989
2855 365989
2855 366989
2856 367989
2840 368989
2829 369989
2827 370989
2819 371989
2821 372989
2813 373989
2816 374989
2812 375989
2807 376989
2802 377989
2797 378989
2792 379989
2790 380989
2785 381989
2786 382989
2785 383989
2778 384989
2770 385989
2762 386989
2752 387989
2744 388989
2741 389989
2735 390989
2730 391989
2720 392989
2709 393989
2698 394989
2691 395989
2689 396989
2690 397989
2692 398989
2691 399989
2687 400989
2679 401989
2663 402989
2655 403989
2620 404989
2614 405989
2605 406989
2610 407989
2627 408989
2621 409989
2626 410989
2623 411989
2623 412989
2617 413989
2622 414989
2625 415989
2622 416989
2613 417989
2607 418989
2605 419989
2601 420989
2591 421989
2582 422989
2575 423989
2568 424989
2565 425989
2555 426989
2538 427989
2526 428989
2524 429989
2519 430989
2510 431989
2501 432989
2493 433989
2489 434989
2482 435989
2476 436989
2469 437989
2456 438989
2447 439989
2434 440989
2423 441989
2406 442989
2393 443989
2385 444989
2368 445989
2351 446989
2338 447989
2322 448989
2310 449989
2301 450989
2281 451989
2272 452989
2260 453989
2240 454989
2226 455989
2209 456989
2195 457989
2182 458989
2198 459989
2189 460989
2181 461989
2173 462989
2164 463989
2157 464989
2145 465989
2136 466989
2127 467989
2119 468989
2113 469989
2099 470989
2086 471989
2081 472989
2075 473989
2072 474989
2066 475989
2061 476989
2059 477989
2051 478989
2050 479989
2041 480989
2032 481989
2021 482989
2016 483989
2011 484989
2002 485989
1984 486989
1982 487989
1975 488989
1966 489989
1966 490989
1963 491989
1962 492989
1962 493989
1964 494989
1961 495989
1952 496989
1952 497989
1954 498989
1963 499989
1964 500989
1954 501989
1950 502989
1945 503989
1952 504989
1952 505989
1957 506989
1959 507989
1958 508989
1954 509989
1947 510989
1939 511989
1931 512989
1922 513989
1921 514989
1918 515989
1921 516989
1921 517989
1908 518989
1892 519989
1889 520989
1886 521989
1875 522989
1866 523989
1862 524989
1864 525989
1861 526989
1853 527989
1852 528989
1807 529989
1802 530989
1798 531989
1791 532989
1790 533989
1804 534989
1788 535989
1766 536989
1751 537989
1740 538989
1732 539989
1722 540989
1713 541989
1703 542989
1694 543989
1685 544989
1677 545989
1669 546989
1661 547989
1657 548989
1647 549989
1635 550989
1620 551989
1608 552989
1592 553989
1586 554989
1585 555989
1584 556989
1577 557989
1564 558989
1553 559989
1538 560989
1523 561989
1511 562989
1499 563989
1483 564989
1467 565989
1456 566989
1444 567989
1434 568989
1428 569989
1422 570989
1416 571989
1409 572989
1407 573989
1396 574989
1399 575989
1393 576989
1388 577989
1379 578989
1366 579989
1353 580989
1343 581989
1338 582989
1329 583989
1323 584989
1312 585989
1302 586989
1300 587989
1294 588989
1287 589989
1284 590989
1283 591989
1281 592989
1277 593989
1275 594989
1275 595989
1276 596989
1276 597989
1277 598989
1276 599989
1267 600989
1274 601989
1274 602989
1271 603989
1271 604989
1267 605989
1264 606989
1263 607989
1263 608989
1260 609989
1250 610989
1246 611989
1244 612989
1243 613989
1243 614989
1242 615989
1237 616989
1236 617989
1234 618989
1233 619989
1230 620989
1232 621989
1228 622989
1228 623989
1221 624989
1214 625989
1212 626989
1210 627989
1206 628989
1196 629989
1194 630989
1191 631989
1181 632989
1180 633989
1174 634989
1175 635989
1170 636989
1165 637989
1160 638989
1156 639989
1145 640989
1125 641989
1110 642989
1075 643989
1084 644989
1084 645989
1072 646989
1060 647989
1051 648989
1043 649989
1034 650989
1032 651989
1020 652989
1011 653989
1006 654989
1000 655989
994 656989
