5000 -5020
4992 -4020
4991 -3020
4984 -2020
4983 -1020
4984 -20
4975 980
4966 1980
4954 2980
4940 3980
4920 4980
4911 5980
4891 6980
4876 7980
4874 8980
4860 9980
4839 10980
4834 11980
4827 12980
4817 13980
4804 14980
4789 15980
4774 16980
4762 17980
4733 18980
4716 19980
4701 20980
4682 21980
4652 22980
4634 23980
4598 24980
4572 25980
4551 26980
4523 27980
4508 28980
4489 29980
4476 30980
4461 31980
4449 32980
4441 33980
4432 34980
4436 35980
4431 36980
4429 37980
4432 38980
4428 39980
4430 40980
4425 41980
4414 42980
4407 43980
4395 44980
4392 45980
4380 46980
4370 47980
4355 48980
4342 49980
4337 50980
4337 51980
4336 52980
4339 53980
4336 54980
4336 55980
4349 56980
4350 57980
4351 58980
4355 59980
4355 60980
4369 61980
4374 62980
4383 63980
4385 64980
4402 65980
4415 66980
4424 67980
4437 68980
4451 69980
4459 70980
4469 71980
4477 72980
4488 73980
4502 74980
4515 75980
4531 76980
4542 77980
4554 78980
4565 79980
4571 80980
4574 81980
4578 82980
4575 83980
4579 84980
4578 85980
4579 86980
4586 87980
4590 88980
4589 89980
4591 90980
4584 91980
4584 92980
4578 93980
4579 94980
4573 95980
4572 96980
4569 97980
4569 98980
4571 99980
4568 100980
4560 101980
4550 102980
4546 103980
4534 104980
4523 105980
4503 106980
4490 107980
4475 108980
4457 109980
4443 110980
4430 111980
4409 112980
4392 113980
4380 114980
4363 115980
4348 116980
4329 117980
4312 118980
4289 119980
4269 120980
4251 121980
4232 122980
4210 123980
4191 124980
4156 125980
4138 126980
4116 127980
4103 128980
4095 129980
4079 130980
4055 131980
4022 132980
4007 133980
3975 134980
3946 135980
3925 136980
3912 137980
3894 138980
3881 139980
3857 140980
3842 141980
3840 142980
3833 143980
3812 144980
3786 145980
3770 146980
3762 147980
3754 148980
3736 149980
3732 150980
3725 151980
3717 152980
3713 153980
3708 154980
3715 155980
3701 156980
3694 157980
3691 158980
3686 159980
3681 160980
3685 161980
3692 162980
3690 163980
3690 164980
3692 165980
3696 166980
3695 167980
3695 168980
3703 169980
3712 170980
3713 171980
3711 172980
3725 173980
3737 174980
3755 175980
3762 176980
3775 177980
3794 178980
3802 179980
3814 180980
3844 181980
3863 182980
3878 183980
3896 184980
3906 185980
3920 186980
3935 187980
3939 188980
3958 189980
3967 190980
3978 191980
3991 192980
3997 193980
4006 194980
4012 195980
4018 196980
4021 197980
4022 198980
4019 199980
4011 200980
4004 201980
3999 202980
3991 203980
3977 204980
3973 205980
3969 206980
3963 207980
3954 208980
3943 209980
3927 210980
3907 211980
3887 212980
3867 213980
3864 214980
3858 215980
3841 216980
3818 217980
3793 218980
3772 219980
3744 220980
3716 221980
3684 222980
3663 223980
3643 224980
3622 225980
3594 226980
3566 227980
3542 228980
3526 229980
3511 230980
3490 231980
3470 232980
3433 233980
3411 234980
3378 235980
3349 236980
3325 237980
3304 238980
3277 239980
3251 240980
3218 241980
3183 242980
3168 243980
3166 244980
3159 245980
3144 246980
3134 247980
3114 248980
3104 249980
3094 250980
3078 251980
3060 252980
3043 253980
3027 254980
3022 255980
3006 256980
2997 257980
2976 258980
2954 259980
2940 260980
2936 261980
2920 262980
2920 263980
2906 264980
2912 265980
2908 266980
2895 267980
2881 268980
2883 269980
2883 270980
2878 271980
2885 272980
2886 273980
2891 274980
2924 275980
2935 276980
2945 277980
2938 278980
2943 279980
2954 280980
2963 281980
2984 282980
2994 283980
3007 284980
3020 285980
3032 286980
3048 287980
3070 288980
3083 289980
3091 290980
3106 291980
3119 292980
3134 293980
3143 294980
3152 295980
3159 296980
3169 297980
3184 298980
3197 299980
3213 300980
3224 301980
3232 302980
3237 303980
3242 304980
3243 305980
3245 306980
3246 307980
3242 308980
3239 309980
3229 310980
3222 311980
3205 312980
3192 313980
3179 314980
3166 315980
3155 316980
3142 317980
3125 318980
3120 319980
3102 320980
3088 321980
3066 322980
3043 323980
3009 324980
2984 325980
2960 326980
2942 327980
2918 328980
2886 329980
2855 330980
2837 331980
2814 332980
2785 333980
2762 334980
2739 335980
2722 336980
2698 337980
2668 338980
2642 339980
2616 340980
2582 341980
2554 342980
2529 343980
2497 344980
2469 345980
2451 346980
2438 347980
2422 348980
2403 349980
2383 350980
2366 351980
2349 352980
2335 353980
2320 354980
2309 355980
2294 356980
2272 357980
2254 358980
2255 359980
2242 360980
2228 361980
2222 362980
2208 363980
2200 364980
2182 365980
2162 366980
2146 367980
2131 368980
2120 369980
2101 370980
2075 371980
2062 372980
2054 373980
2064 374980
2064 375980
2066 376980
2069 377980
2070 378980
2072 379980
2060 380980
2054 381980
2052 382980
2046 383980
2052 384980
2054 385980
2065 386980
2067 387980
2075 388980
2086 389980
2103 390980
2116 391980
2132 392980
2147 393980
2162 394980
2175 395980
2184 396980
2188 397980
2205 398980
2226 399980
2240 400980
2253 401980
2269 402980
2284 403980
2299 404980
2315 405980
2322 406980
2337 407980
2360 408980
2370 409980
2389 410980
2399 411980
2405 412980
2416 413980
2410 414980
2408 415980
2406 416980
2401 417980
2392 418980
2383 419980
2373 420980
2365 421980
2356 422980
2345 423980
2330 424980
2322 425980
2310 426980
2293 427980
2284 428980
2267 429980
2246 430980
2222 431980
2199 432980
2175 433980
2145 434980
2118 435980
2091 436980
2068 437980
2047 438980
2030 439980
2000 440980
1983 441980
1957 442980
1937 443980
1905 444980
1878 445980
1846 446980
1829 447980
1813 448980
1785 449980
1761 450980
1736 451980
1710 452980
1686 453980
1664 454980
1644 455980
1621 456980
1608 457980
1593 458980
1575 459980
1562 460980
1550 461980
1538 462980
1527 463980
1513 464980
1499 465980
1487 466980
1475 467980
1455 468980
1449 469980
1438 470980
1424 471980
1414 472980
1407 473980
1397 474980
1389 475980
1381 476980
1367 477980
1355 478980
1347 479980
1336 480980
1326 481980
1323 482980
1321 483980
1317 484980
1314 485980
1312 486980
1315 487980
1314 488980
1315 489980
1316 490980
1317 491980
1322 492980
1324 493980
1336 494980
1349 495980
1358 496980
1362 497980
1371 498980
1379 499980
1393 500980
1405 501980
1416 502980
1436 503980
1446 504980
1461 505980
1478 506980
1493 507980
1506 508980
1519 509980
1533 510980
1548 511980
1560 512980
1573 513980
1583 514980
1590 515980
1596 516980
1600 517980
1599 518980
1604 519980
1606 520980
1607 521980
1610 522980
1605 523980
1598 524980
1583 525980
1578 526980
1569 527980
1561 528980
1554 529980
1544 530980
1534 531980
1525 532980
1512 533980
1499 534980
1487 535980
1474 536980
1461 537980
1438 538980
1415 539980
1397 540980
1374 541980
1353 542980
1337 543980
1318 544980
1301 545980
1276 546980
1256 547980
1234 548980
1213 549980
1193 550980
1176 551980
1158 552980
1142 553980
1124 554980
1105 555980
1081 556980
1057 557980
1040 558980
1023 559980
999 560980
