5000 -54000
5000 -53000
5000 -52000
5000 -51000
5000 -50000
5000 -49000
5000 -48000
5000 -47000
5000 -46000
5000 -45000
5000 -44000
5000 -43000
5000 -42000
5000 -41000
5000 -40000
5000 -39000
5000 -38000
5000 -37000
4997 -36000
4989 -35000
4997 -34000
4993 -33000
4997 -32000
4998 -31000
4992 -30000
4991 -29000
4986 -28000
5000 -27000
4991 -26000
4990 -25000
4997 -24000
4991 -23000
4992 -22000
4988 -21000
4982 -20000
4979 -19000
4994 -18000
4979 -17000
4973 -16000
4978 -15000
4981 -14000
4968 -13000
4963 -12000
4960 -11000
4950 -10000
4962 -9000
4949 -8000
4935 -7000
4940 -6000
4947 -5000
4947 -4000
4931 -3000
4921 -2000
4920 -1000
4927 0
4922 1000
4911 2000
4909 3000
4911 4000
4908 5000
4897 6000
4899 7000
4894 8000
4897 9000
4884 10000
4884 11000
4880 12000
4885 13000
4874 14000
4886 15000
4882 16000
4868 17000
4857 18000
4868 19000
4873 20000
4872 21000
4872 22000
4865 23000
4869 24000
4873 25000
4872 26000
4880 27000
4876 28000
4861 29000
4859 30000
4871 31000
4871 32000
4881 33000
4864 34000
4869 35000
4864 36000
4853 37000
4860 38000
4859 39000
4850 40000
4852 41000
4850 42000
4855 43000
4846 44000
4847 45000
4845 46000
4843 47000
4835 48000
4842 49000
4844 50000
4838 51000
4831 52000
4830 53000
4826 54000
4821 55000
4816 56000
4804 57000
4820 58000
4817 59000
4799 60000
4799 61000
4792 62000
4784 63000
4793 64000
4781 65000
4773 66000
4769 67000
4772 68000
4762 69000
4761 70000
4761 71000
4752 72000
4747 73000
4739 74000
4737 75000
4748 76000
4733 77000
4721 78000
4719 79000
4716 80000
4720 81000
4702 82000
4706 83000
4702 84000
4705 85000
4692 86000
4700 87000
4690 88000
4687 89000
4687 90000
4695 91000
4682 92000
4681 93000
4669 94000
4675 95000
4667 96000
4660 97000
4662 98000
4667 99000
4655 100000
4657 101000
4646 102000
4647 103000
4632 104000
4640 105000
4645 106000
4636 107000
4639 108000
4641 109000
4639 110000
4624 111000
4626 112000
4628 113000
4629 114000
4621 115000
4620 116000
4606 117000
4610 118000
4604 119000
4611 120000
4594 121000
4595 122000
4585 123000
4588 124000
4584 125000
4579 126000
4582 127000
4578 128000
4572 129000
4577 130000
4569 131000
4577 132000
4572 133000
4569 134000
4562 135000
4556 136000
4556 137000
4547 138000
4541 139000
4547 140000
4540 141000
4536 142000
4535 143000
4527 144000
4512 145000
4522 146000
4513 147000
4504 148000
4501 149000
4489 150000
4486 151000
4496 152000
4488 153000
4482 154000
4490 155000
4489 156000
4494 157000
4489 158000
4486 159000
4487 160000
4486 161000
4492 162000
4488 163000
4485 164000
4477 165000
4482 166000
4483 167000
4484 168000
4484 169000
4478 170000
4474 171000
4459 172000
4465 173000
4454 174000
4461 175000
4461 176000
4449 177000
4464 178000
4454 179000
4454 180000
4453 181000
4452 182000
4451 183000
4454 184000
4455 185000
4446 186000
4456 187000
4460 188000
4457 189000
4462 190000
4458 191000
4465 192000
4473 193000
4465 194000
4457 195000
4463 196000
4464 197000
4453 198000
4457 199000
4471 200000
4468 201000
4467 202000
4468 203000
4467 204000
4469 205000
4465 206000
4473 207000
4471 208000
4470 209000
4474 210000
4469 211000
4483 212000
4480 213000
4479 214000
4473 215000
4484 216000
4480 217000
4474 218000
4484 219000
4479 220000
4484 221000
4496 222000
4508 223000
4504 224000
4502 225000
4508 226000
4505 227000
4509 228000
4502 229000
4513 230000
4502 231000
4511 232000
4513 233000
4510 234000
4524 235000
4527 236000
4513 237000
4521 238000
4529 239000
4527 240000
4526 241000
4524 242000
4531 243000
4528 244000
4541 245000
4536 246000
4537 247000
4537 248000
4532 249000
4540 250000
4545 251000
4538 252000
4540 253000
4539 254000
4542 255000
4528 256000
4542 257000
4538 258000
4542 259000
4546 260000
4550 261000
4548 262000
4549 263000
4553 264000
4548 265000
4549 266000
4546 267000
4544 268000
4550 269000
4552 270000
4555 271000
4548 272000
4550 273000
4563 274000
4559 275000
4554 276000
4563 277000
4563 278000
4567 279000
4551 280000
4558 281000
4564 282000
4566 283000
4564 284000
4561 285000
4559 286000
4546 287000
4535 288000
4542 289000
4547 290000
4538 291000
4532 292000
4533 293000
4532 294000
4541 295000
4526 296000
4529 297000
4527 298000
4523 299000
4528 300000
4522 301000
4506 302000
4510 303000
4504 304000
4503 305000
4507 306000
4506 307000
4507 308000
4502 309000
4496 310000
4494 311000
4496 312000
4494 313000
4492 314000
4484 315000
4488 316000
4483 317000
4477 318000
4478 319000
4466 320000
4463 321000
4463 322000
4462 323000
4464 324000
4455 325000
4459 326000
4447 327000
4444 328000
4448 329000
4435 330000
4435 331000
4426 332000
4431 333000
4420 334000
4427 335000
4422 336000
4415 337000
4416 338000
4402 339000
4396 340000
4398 341000
4382 342000
4386 343000
4383 344000
4382 345000
4377 346000
4381 347000
4382 348000
4382 349000
4378 350000
4371 351000
4365 352000
4365 353000
4364 354000
4356 355000
4362 356000
4353 357000
4356 358000
4347 359000
4350 360000
4345 361000
4341 362000
4336 363000
4333 364000
4327 365000
4326 366000
4318 367000
4320 368000
4311 369000
4309 370000
4306 371000
4302 372000
4288 373000
4284 374000
4285 375000
4279 376000
4275 377000
4271 378000
4261 379000
4258 380000
4253 381000
4246 382000
4242 383000
4242 384000
4225 385000
4221 386000
4219 387000
4208 388000
4212 389000
4205 390000
4199 391000
4197 392000
4190 393000
4185 394000
4182 395000
4178 396000
4172 397000
4163 398000
4163 399000
4162 400000
4153 401000
4149 402000
4144 403000
4136 404000
4134 405000
4133 406000
4128 407000
4123 408000
4123 409000
4121 410000
4123 411000
4115 412000
4109 413000
4098 414000
4100 415000
4094 416000
4085 417000
4083 418000
4084 419000
4078 420000
4072 421000
4070 422000
4061 423000
4063 424000
4054 425000
4048 426000
4047 427000
4052 428000
4044 429000
4046 430000
4040 431000
4036 432000
4037 433000
4029 434000
4025 435000
4021 436000
4016 437000
4027 438000
4029 439000
4016 440000
4015 441000
4013 442000
4005 443000
4010 444000
3995 445000
3998 446000
4008 447000
4006 448000
4002 449000
4001 450000
3997 451000
4000 452000
3999 453000
3994 454000
3993 455000
3990 456000
3991 457000
3985 458000
3990 459000
3983 460000
3984 461000
3971 462000
3965 463000
3965 464000
3967 465000
3965 466000
3953 467000
3952 468000
3944 469000
3943 470000
3945 471000
3938 472000
3936 473000
3930 474000
3930 475000
3926 476000
3928 477000
3928 478000
3927 479000
3922 480000
3917 481000
3920 482000
3914 483000
3915 484000
3901 485000
3895 486000
3896 487000
3883 488000
3867 489000
3859 490000
3850 491000
3848 492000
3844 493000
3841 494000
3849 495000
3843 496000
3842 497000
3844 498000
3847 499000
3842 500000
3844 501000
3852 502000
3855 503000
3850 504000
3846 505000
3851 506000
3852 507000
3854 508000
3853 509000
3856 510000
3854 511000
3857 512000
3850 513000
3854 514000
3856 515000
3857 516000
3852 517000
3862 518000
3857 519000
3862 520000
3857 521000
3865 522000
3863 523000
3860 524000
3866 525000
3866 526000
3867 527000
3859 528000
3867 529000
3864 530000
3869 531000
3864 532000
3867 533000
3865 534000
3856 535000
3863 536000
3861 537000
3861 538000
3857 539000
3861 540000
3860 541000
3860 542000
3863 543000
3870 544000
3872 545000
3875 546000
3876 547000
3872 548000
3873 549000
3873 550000
3870 551000
3873 552000
3878 553000
3869 554000
3876 555000
3878 556000
3879 557000
3872 558000
3868 559000
3867 560000
3862 561000
3868 562000
3865 563000
3867 564000
3860 565000
3859 566000
3862 567000
3861 568000
3854 569000
3855 570000
3855 571000
3852 572000
3847 573000
3850 574000
3847 575000
3848 576000
3846 577000
3848 578000
3853 579000
3843 580000
3834 581000
3850 582000
3849 583000
3853 584000
3849 585000
3850 586000
3851 587000
3858 588000
3858 589000
3850 590000
3860 591000
3858 592000
3863 593000
3858 594000
3866 595000
3864 596000
3862 597000
3864 598000
3872 599000
3878 600000
3875 601000
3880 602000
3873 603000
3884 604000
3876 605000
3879 606000
3878 607000
3879 608000
3884 609000
3868 610000
3879 611000
3875 612000
3877 613000
3874 614000
3875 615000
3873 616000
3865 617000
3863 618000
3867 619000
3868 620000
3866 621000
3870 622000
3862 623000
3860 624000
3851 625000
3850 626000
3844 627000
3848 628000
3844 629000
3836 630000
3829 631000
3824 632000
3825 633000
3820 634000
3820 635000
3812 636000
3802 637000
3802 638000
3796 639000
3799 640000
3793 641000
3781 642000
3776 643000
3775 644000
3775 645000
3761 646000
3762 647000
3765 648000
3754 649000
3745 650000
3749 651000
3744 652000
3747 653000
3737 654000
3732 655000
3728 656000
3726 657000
3724 658000
3724 659000
3728 660000
3717 661000
3721 662000
3721 663000
3712 664000
3708 665000
3704 666000
3699 667000
3695 668000
3695 669000
3683 670000
3686 671000
3680 672000
3676 673000
3672 674000
3673 675000
3664 676000
3656 677000
3653 678000
3646 679000
3644 680000
3642 681000
3639 682000
3637 683000
3626 684000
3624 685000
3622 686000
3617 687000
3612 688000
3604 689000
3607 690000
3596 691000
3599 692000
3588 693000
3585 694000
3584 695000
3584 696000
3574 697000
3567 698000
3564 699000
3556 700000
3540 701000
3544 702000
3539 703000
3534 704000
3528 705000
3519 706000
3524 707000
3513 708000
3512 709000
3508 710000
3503 711000
3492 712000
3486 713000
3487 714000
3478 715000
3477 716000
3473 717000
3473 718000
3472 719000
3467 720000
3462 721000
3459 722000
3458 723000
3454 724000
3447 725000
3441 726000
3436 727000
3434 728000
3424 729000
3421 730000
3419 731000
3413 732000
3409 733000
3392 734000
3387 735000
3380 736000
3391 737000
3377 738000
3377 739000
3367 740000
3363 741000
3360 742000
3349 743000
3346 744000
3337 745000
3322 746000
3315 747000
3309 748000
3306 749000
3305 750000
3298 751000
3296 752000
3298 753000
3289 754000
3293 755000
3282 756000
3281 757000
3281 758000
3273 759000
3271 760000
3263 761000
3256 762000
3254 763000
3252 764000
3243 765000
3238 766000
3239 767000
3233 768000
3228 769000
3224 770000
3217 771000
3211 772000
3205 773000
3203 774000
3201 775000
3192 776000
3184 777000
3185 778000
3176 779000
3177 780000
3171 781000
3165 782000
3163 783000
3159 784000
3157 785000
3157 786000
3152 787000
3146 788000
3148 789000
3141 790000
3140 791000
3136 792000
3135 793000
3139 794000
3137 795000
3137 796000
3136 797000
3130 798000
3126 799000
3120 800000
3115 801000
3116 802000
3114 803000
3109 804000
3115 805000
3111 806000
3111 807000
3109 808000
3108 809000
3104 810000
3100 811000
3095 812000
3102 813000
3093 814000
3095 815000
3091 816000
3088 817000
3084 818000
3082 819000
3083 820000
3073 821000
3071 822000
3068 823000
3077 824000
3076 825000
3067 826000
3060 827000
3068 828000
3061 829000
3064 830000
3068 831000
3062 832000
3066 833000
3069 834000
3071 835000
3065 836000
3070 837000
3064 838000
3061 839000
3071 840000
3065 841000
3066 842000
3059 843000
3065 844000
3062 845000
3061 846000
3059 847000
3066 848000
3063 849000
3060 850000
3057 851000
3068 852000
3063 853000
3065 854000
3064 855000
3065 856000
3066 857000
3067 858000
3069 859000
3074 860000
3066 861000
3077 862000
3086 863000
3075 864000
3077 865000
3085 866000
3074 867000
3071 868000
3072 869000
3075 870000
3069 871000
3076 872000
3069 873000
3076 874000
3078 875000
3075 876000
3078 877000
3080 878000
3076 879000
3079 880000
3069 881000
3075 882000
3068 883000
3068 884000
3067 885000
3071 886000
3065 887000
3069 888000
3073 889000
3067 890000
3063 891000
3061 892000
3062 893000
3063 894000
3068 895000
3059 896000
3060 897000
3058 898000
3061 899000
3060 900000
3061 901000
3051 902000
3047 903000
3048 904000
3053 905000
3050 906000
3047 907000
3046 908000
3046 909000
3052 910000
3050 911000
3055 912000
3059 913000
3054 914000
3051 915000
3054 916000
3056 917000
3057 918000
3052 919000
3056 920000
3050 921000
3058 922000
3059 923000
3058 924000
3052 925000
3052 926000
3057 927000
3054 928000
3055 929000
3060 930000
3053 931000
3054 932000
3058 933000
3055 934000
3055 935000
3055 936000
3060 937000
3046 938000
3051 939000
3042 940000
3044 941000
3044 942000
3033 943000
3034 944000
3042 945000
3035 946000
3039 947000
3043 948000
3049 949000
3050 950000
3041 951000
3042 952000
3038 953000
3034 954000
3037 955000
3026 956000
3026 957000
3018 958000
3011 959000
3011 960000
3006 961000
3006 962000
2999 963000
2998 964000
2985 965000
2990 966000
2987 967000
2983 968000
2975 969000
2976 970000
2962 971000
2948 972000
2955 973000
2949 974000
2938 975000
2937 976000
2937 977000
2931 978000
2925 979000
2926 980000
2922 981000
2924 982000
2911 983000
2908 984000
2902 985000
2901 986000
2895 987000
2901 988000
2897 989000
2886 990000
2898 991000
2878 992000
2879 993000
2872 994000
2874 995000
2866 996000
2857 997000
2852 998000
2848 999000
2846 1000000
2842 1001000
2842 1002000
2844 1003000
2834 1004000
2831 1005000
2829 1006000
2836 1007000
2825 1008000
2818 1009000
2817 1010000
2819 1011000
2819 1012000
2806 1013000
2802 1014000
2805 1015000
2798 1016000
2794 1017000
2788 1018000
2779 1019000
2770 1020000
2760 1021000
2766 1022000
2760 1023000
2752 1024000
2749 1025000
2740 1026000
2739 1027000
2732 1028000
2737 1029000
2728 1030000
2720 1031000
2707 1032000
2705 1033000
2696 1034000
2688 1035000
2689 1036000
2684 1037000
2675 1038000
2671 1039000
2665 1040000
2663 1041000
2661 1042000
2653 1043000
2648 1044000
2632 1045000
2637 1046000
2628 1047000
2630 1048000
2614 1049000
2620 1050000
2616 1051000
2606 1052000
2600 1053000
2596 1054000
2593 1055000
2588 1056000
2583 1057000
2575 1058000
2574 1059000
2572 1060000
2566 1061000
2556 1062000
2554 1063000
2546 1064000
2543 1065000
2540 1066000
2531 1067000
2528 1068000
2524 1069000
2513 1070000
2513 1071000
2507 1072000
2500 1073000
2498 1074000
2495 1075000
2489 1076000
2488 1077000
2484 1078000
2479 1079000
2479 1080000
2473 1081000
2468 1082000
2468 1083000
2464 1084000
2462 1085000
2461 1086000
2453 1087000
2451 1088000
2442 1089000
2447 1090000
2436 1091000
2435 1092000
2428 1093000
2426 1094000
2420 1095000
2415 1096000
2416 1097000
2410 1098000
2409 1099000
2403 1100000
2397 1101000
2397 1102000
2395 1103000
2392 1104000
2388 1105000
2385 1106000
2376 1107000
2375 1108000
2367 1109000
2369 1110000
2361 1111000
2359 1112000
2360 1113000
2357 1114000
2357 1115000
2356 1116000
2349 1117000
2345 1118000
2348 1119000
2338 1120000
2338 1121000
2343 1122000
2339 1123000
2321 1124000
2326 1125000
2320 1126000
2315 1127000
2316 1128000
2314 1129000
2314 1130000
2311 1131000
2305 1132000
2302 1133000
2300 1134000
2299 1135000
2300 1136000
2302 1137000
2301 1138000
2296 1139000
2293 1140000
2291 1141000
2290 1142000
2282 1143000
2272 1144000
2267 1145000
2260 1146000
2260 1147000
2275 1148000
2268 1149000
2270 1150000
2269 1151000
2266 1152000
2263 1153000
2263 1154000
2268 1155000
2267 1156000
2263 1157000
2256 1158000
2255 1159000
2263 1160000
2261 1161000
2265 1162000
2264 1163000
2261 1164000
2259 1165000
2262 1166000
2262 1167000
2266 1168000
2262 1169000
2263 1170000
2264 1171000
2268 1172000
2267 1173000
2272 1174000
2272 1175000
2272 1176000
2270 1177000
2274 1178000
2273 1179000
2278 1180000
2274 1181000
2279 1182000
2280 1183000
2281 1184000
2281 1185000
2285 1186000
2283 1187000
2285 1188000
2282 1189000
2279 1190000
2285 1191000
2281 1192000
2283 1193000
2284 1194000
2287 1195000
2287 1196000
2291 1197000
2287 1198000
2291 1199000
2286 1200000
2288 1201000
2294 1202000
2288 1203000
2294 1204000
2286 1205000
2286 1206000
2285 1207000
2286 1208000
2288 1209000
2288 1210000
2282 1211000
2285 1212000
2284 1213000
2285 1214000
2280 1215000
2284 1216000
2280 1217000
2276 1218000
2278 1219000
2282 1220000
2281 1221000
2272 1222000
2273 1223000
2272 1224000
2269 1225000
2261 1226000
2266 1227000
2267 1228000
2267 1229000
2264 1230000
2262 1231000
2257 1232000
2257 1233000
2259 1234000
2255 1235000
2252 1236000
2254 1237000
2251 1238000
2247 1239000
2248 1240000
2244 1241000
2245 1242000
2246 1243000
2245 1244000
2241 1245000
2239 1246000
2240 1247000
2239 1248000
2237 1249000
2236 1250000
2233 1251000
2228 1252000
2228 1253000
2229 1254000
2224 1255000
2220 1256000
2213 1257000
2221 1258000
2218 1259000
2216 1260000
2219 1261000
2218 1262000
2215 1263000
2214 1264000
2217 1265000
2210 1266000
2211 1267000
2210 1268000
2205 1269000
2199 1270000
2199 1271000
2199 1272000
2194 1273000
2195 1274000
2197 1275000
2194 1276000
2191 1277000
2193 1278000
2187 1279000
2185 1280000
2183 1281000
2183 1282000
2175 1283000
2172 1284000
2174 1285000
2173 1286000
2167 1287000
2168 1288000
2163 1289000
2161 1290000
2157 1291000
2156 1292000
2153 1293000
2150 1294000
2148 1295000
2144 1296000
2141 1297000
2140 1298000
2137 1299000
2136 1300000
2130 1301000
2126 1302000
2125 1303000
2120 1304000
2119 1305000
2115 1306000
2113 1307000
2109 1308000
2107 1309000
2105 1310000
2106 1311000
2104 1312000
2098 1313000
2097 1314000
2092 1315000
2092 1316000
2092 1317000
2087 1318000
2087 1319000
2081 1320000
2082 1321000
2075 1322000
2070 1323000
2070 1324000
2071 1325000
2064 1326000
2065 1327000
2065 1328000
2057 1329000
2056 1330000
2051 1331000
2051 1332000
2048 1333000
2046 1334000
2041 1335000
2041 1336000
2038 1337000
2031 1338000
2030 1339000
2026 1340000
2023 1341000
2020 1342000
2018 1343000
2013 1344000
2010 1345000
2008 1346000
2001 1347000
1998 1348000
1991 1349000
1987 1350000
1985 1351000
1984 1352000
1977 1353000
1973 1354000
1973 1355000
1967 1356000
1962 1357000
1958 1358000
1955 1359000
1953 1360000
1950 1361000
1944 1362000
1941 1363000
1934 1364000
1932 1365000
1927 1366000
1923 1367000
1919 1368000
1918 1369000
1913 1370000
1912 1371000
1908 1372000
1905 1373000
1900 1374000
1898 1375000
1894 1376000
1891 1377000
1884 1378000
1880 1379000
1875 1380000
1870 1381000
1866 1382000
1859 1383000
1856 1384000
1853 1385000
1849 1386000
1844 1387000
1836 1388000
1834 1389000
1827 1390000
1825 1391000
1816 1392000
1813 1393000
1806 1394000
1802 1395000
1795 1396000
1786 1397000
1783 1398000
1778 1399000
1775 1400000
1764 1401000
1761 1402000
1759 1403000
1755 1404000
1746 1405000
1749 1406000
1744 1407000
1737 1408000
1733 1409000
1728 1410000
1721 1411000
1720 1412000
1712 1413000
1710 1414000
1708 1415000
1698 1416000
1691 1417000
1685 1418000
1687 1419000
1683 1420000
1673 1421000
1671 1422000
1668 1423000
1664 1424000
1658 1425000
1660 1426000
1654 1427000
1649 1428000
1646 1429000
1647 1430000
1644 1431000
1639 1432000
1637 1433000
1635 1434000
1635 1435000
1631 1436000
1629 1437000
1627 1438000
1623 1439000
1620 1440000
1613 1441000
1613 1442000
1613 1443000
1612 1444000
1611 1445000
1606 1446000
1607 1447000
1598 1448000
1596 1449000
1590 1450000
1588 1451000
1586 1452000
1581 1453000
1580 1454000
1572 1455000
1568 1456000
1568 1457000
1570 1458000
1567 1459000
1566 1460000
1566 1461000
1562 1462000
1560 1463000
1564 1464000
1559 1465000
1559 1466000
1554 1467000
1554 1468000
1554 1469000
1553 1470000
1556 1471000
1551 1472000
1549 1473000
1546 1474000
1545 1475000
1545 1476000
1544 1477000
1538 1478000
1536 1479000
1528 1480000
1531 1481000
1530 1482000
1530 1483000
1527 1484000
1527 1485000
1525 1486000
1521 1487000
1520 1488000
1522 1489000
1521 1490000
1518 1491000
1522 1492000
1522 1493000
1520 1494000
1520 1495000
1522 1496000
1521 1497000
1526 1498000
1525 1499000
1525 1500000
1525 1501000
1527 1502000
1526 1503000
1526 1504000
1528 1505000
1527 1506000
1528 1507000
1530 1508000
1530 1509000
1531 1510000
1531 1511000
1528 1512000
1535 1513000
1534 1514000
1529 1515000
1534 1516000
1531 1517000
1536 1518000
1534 1519000
1534 1520000
1533 1521000
1536 1522000
1532 1523000
1536 1524000
1535 1525000
1532 1526000
1533 1527000
1535 1528000
1532 1529000
1532 1530000
1530 1531000
1535 1532000
1533 1533000
1534 1534000
1532 1535000
1534 1536000
1531 1537000
1531 1538000
1533 1539000
1524 1540000
1528 1541000
1527 1542000
1527 1543000
1529 1544000
1521 1545000
1523 1546000
1521 1547000
1524 1548000
1521 1549000
1521 1550000
1520 1551000
1518 1552000
1518 1553000
1513 1554000
1513 1555000
1513 1556000
1513 1557000
1506 1558000
1509 1559000
1504 1560000
1503 1561000
1498 1562000
1499 1563000
1495 1564000
1496 1565000
1493 1566000
1488 1567000
1487 1568000
1485 1569000
1484 1570000
1483 1571000
1478 1572000
1473 1573000
1468 1574000
1467 1575000
1465 1576000
1458 1577000
1462 1578000
1457 1579000
1454 1580000
1450 1581000
1445 1582000
1440 1583000
1437 1584000
1436 1585000
1429 1586000
1429 1587000
1426 1588000
1424 1589000
1419 1590000
1415 1591000
1417 1592000
1412 1593000
1411 1594000
1409 1595000
1404 1596000
1399 1597000
1399 1598000
1395 1599000
1395 1600000
1391 1601000
1386 1602000
1381 1603000
1378 1604000
1371 1605000
1366 1606000
1363 1607000
1356 1608000
1353 1609000
1350 1610000
1345 1611000
1341 1612000
1336 1613000
1332 1614000
1328 1615000
1324 1616000
1321 1617000
1316 1618000
1314 1619000
1311 1620000
1308 1621000
1305 1622000
1302 1623000
1299 1624000
1295 1625000
1292 1626000
1291 1627000
1289 1628000
1288 1629000
1286 1630000
1285 1631000
1285 1632000
1280 1633000
1277 1634000
1273 1635000
1272 1636000
1270 1637000
1269 1638000
1263 1639000
1261 1640000
1259 1641000
1258 1642000
1255 1643000
1259 1644000
1253 1645000
1252 1646000
1250 1647000
1249 1648000
1248 1649000
1242 1650000
1241 1651000
1242 1652000
1239 1653000
1235 1654000
1235 1655000
1234 1656000
1233 1657000
1231 1658000
1230 1659000
1228 1660000
1226 1661000
1223 1662000
1221 1663000
1219 1664000
1215 1665000
1213 1666000
1212 1667000
1210 1668000
1212 1669000
1207 1670000
1206 1671000
1203 1672000
1196 1673000
1199 1674000
1191 1675000
1191 1676000
1188 1677000
1187 1678000
1184 1679000
1182 1680000
1176 1681000
1174 1682000
1172 1683000
1171 1684000
1165 1685000
1164 1686000
1157 1687000
1153 1688000
1149 1689000
1147 1690000
1141 1691000
1138 1692000
1137 1693000
1130 1694000
1126 1695000
1131 1696000
1122 1697000
1116 1698000
1116 1699000
1116 1700000
1110 1701000
1104 1702000
1102 1703000
1099 1704000
1098 1705000
1095 1706000
1093 1707000
1090 1708000
1088 1709000
1084 1710000
1082 1711000
1077 1712000
1074 1713000
1072 1714000
1072 1715000
1065 1716000
1066 1717000
1071 1718000
1058 1719000
1055 1720000
1054 1721000
1052 1722000
1051 1723000
1044 1724000
1041 1725000
1043 1726000
1037 1727000
1033 1728000
1035 1729000
1035 1730000
1036 1731000
1032 1732000
1026 1733000
1026 1734000
1021 1735000
1014 1736000
1011 1737000
1010 1738000
1006 1739000
1003 1740000
999 1741000
