5000 -4000
5000 -3000
4998 -2000
4990 -1000
4978 0
4978 1000
4974 2000
4966 3000
4963 4000
4952 5000
4943 6000
4940 7000
4934 8000
4933 9000
4923 10000
4919 11000
4904 12000
4891 13000
4886 14000
4871 15000
4862 16000
4849 17000
4841 18000
4838 19000
4827 20000
4833 21000
4818 22000
4814 23000
4817 24000
4816 25000
4820 26000
4825 27000
4813 28000
4807 29000
4807 30000
4797 31000
4799 32000
4789 33000
4784 34000
4782 35000
4785 36000
4780 37000
4761 38000
4743 39000
4738 40000
4734 41000
4733 42000
4728 43000
4727 44000
4723 45000
4715 46000
4716 47000
4709 48000
4704 49000
4699 50000
4691 51000
4682 52000
4677 53000
4679 54000
4684 55000
4678 56000
4675 57000
4662 58000
4662 59000
4662 60000
4665 61000
4672 62000
4666 63000
4664 64000
4668 65000
4675 66000
4679 67000
4676 68000
4686 69000
4692 70000
4687 71000
4690 72000
4689 73000
4688 74000
4692 75000
4697 76000
4693 77000
4683 78000
4675 79000
4658 80000
4659 81000
4661 82000
4662 83000
4649 84000
4643 85000
4638 86000
4633 87000
4623 88000
4619 89000
4615 90000
4610 91000
4599 92000
4589 93000
4591 94000
4583 95000
4567 96000
4564 97000
4561 98000
4558 99000
4557 100000
4548 101000
4548 102000
4537 103000
4524 104000
4517 105000
4501 106000
4497 107000
4486 108000
4475 109000
4461 110000
4440 111000
4429 112000
4420 113000
4407 114000
4397 115000
4381 116000
4370 117000
4358 118000
4338 119000
4328 120000
4328 121000
4327 122000
4295 123000
4303 124000
4299 125000
4297 126000
4305 127000
4303 128000
4284 129000
4286 130000
4282 131000
4276 132000
4268 133000
4267 134000
4252 135000
4263 136000
4249 137000
4242 138000
4229 139000
4219 140000
4217 141000
4214 142000
4199 143000
4194 144000
4191 145000
4185 146000
4170 147000
4159 148000
4149 149000
4154 150000
4147 151000
4147 152000
4143 153000
4143 154000
4131 155000
4126 156000
4111 157000
4113 158000
4110 159000
4102 160000
4109 161000
4105 162000
4096 163000
4092 164000
4090 165000
4094 166000
4093 167000
4096 168000
4096 169000
4092 170000
4095 171000
4097 172000
4087 173000
4095 174000
4096 175000
4091 176000
4101 177000
4101 178000
4109 179000
4106 180000
4110 181000
4106 182000
4104 183000
4092 184000
4084 185000
4083 186000
4079 187000
4080 188000
4082 189000
4066 190000
4070 191000
4054 192000
4048 193000
4040 194000
4027 195000
4014 196000
4004 197000
3999 198000
3986 199000
3966 200000
3949 201000
3936 202000
3923 203000
3917 204000
3898 205000
3888 206000
3881 207000
3874 208000
3850 209000
3851 210000
3842 211000
3843 212000
3834 213000
3830 214000
3815 215000
3809 216000
3806 217000
3788 218000
3784 219000
3777 220000
3766 221000
3765 222000
3754 223000
3740 224000
3721 225000
3716 226000
3705 227000
3699 228000
3693 229000
3685 230000
3684 231000
3683 232000
3684 233000
3674 234000
3677 235000
3670 236000
3658 237000
3652 238000
3644 239000
3639 240000
3633 241000
3621 242000
3610 243000
3590 244000
3584 245000
3579 246000
3554 247000
3529 248000
3508 249000
3498 250000
3497 251000
3500 252000
3497 253000
3496 254000
3495 255000
3497 256000
3495 257000
3493 258000
3500 259000
3497 260000
3495 261000
3493 262000
3489 263000
3490 264000
3493 265000
3488 266000
3489 267000
3490 268000
3489 269000
3485 270000
3481 271000
3483 272000
3480 273000
3478 274000
3475 275000
3468 276000
3472 277000
3469 278000
3466 279000
3449 280000
3440 281000
3434 282000
3428 283000
3422 284000
3417 285000
3417 286000
3418 287000
3413 288000
3412 289000
3394 290000
3396 291000
3391 292000
3379 293000
3372 294000
3366 295000
3356 296000
3351 297000
3341 298000
3331 299000
3321 300000
3309 301000
3307 302000
3295 303000
3284 304000
3283 305000
3275 306000
3265 307000
3244 308000
3234 309000
3235 310000
3226 311000
3212 312000
3208 313000
3193 314000
3183 315000
3170 316000
3154 317000
3148 318000
3142 319000
3129 320000
3118 321000
3113 322000
3098 323000
3085 324000
3074 325000
3068 326000
3058 327000
3048 328000
3037 329000
3025 330000
3012 331000
3000 332000
2995 333000
2987 334000
2973 335000
2962 336000
2951 337000
2943 338000
2934 339000
2932 340000
2919 341000
2917 342000
2901 343000
2890 344000
2889 345000
2874 346000
2867 347000
2866 348000
2861 349000
2848 350000
2832 351000
2829 352000
2820 353000
2812 354000
2811 355000
2808 356000
2806 357000
2798 358000
2785 359000
2784 360000
2771 361000
2768 362000
2757 363000
2751 364000
2746 365000
2738 366000
2724 367000
2698 368000
2686 369000
2676 370000
2674 371000
2671 372000
2665 373000
2659 374000
2651 375000
2647 376000
2641 377000
2637 378000
2640 379000
2641 380000
2635 381000
2632 382000
2632 383000
2629 384000
2628 385000
2627 386000
2630 387000
2629 388000
2629 389000
2626 390000
2636 391000
2641 392000
2644 393000
2636 394000
2635 395000
2635 396000
2632 397000
2626 398000
2618 399000
2608 400000
2602 401000
2591 402000
2576 403000
2563 404000
2548 405000
2538 406000
2528 407000
2522 408000
2515 409000
2498 410000
2494 411000
2487 412000
2478 413000
2469 414000
2465 415000
2457 416000
2448 417000
2433 418000
2426 419000
2416 420000
2407 421000
2397 422000
2393 423000
2380 424000
2372 425000
2357 426000
2351 427000
2339 428000
2330 429000
2320 430000
2310 431000
2302 432000
2290 433000
2280 434000
2268 435000
2262 436000
2253 437000
2244 438000
2235 439000
2232 440000
2230 441000
2219 442000
2217 443000
2207 444000
2203 445000
2200 446000
2194 447000
2184 448000
2172 449000
2167 450000
2162 451000
2155 452000
2143 453000
2134 454000
2123 455000
2112 456000
2102 457000
2091 458000
2083 459000
2074 460000
2063 461000
2052 462000
2040 463000
2032 464000
2024 465000
2016 466000
2012 467000
2009 468000
2009 469000
2001 470000
1991 471000
1986 472000
1976 473000
1971 474000
1964 475000
1959 476000
1948 477000
1936 478000
1930 479000
1924 480000
1921 481000
1916 482000
1908 483000
1903 484000
1900 485000
1895 486000
1893 487000
1888 488000
1888 489000
1884 490000
1884 491000
1879 492000
1877 493000
1874 494000
1879 495000
1881 496000
1881 497000
1882 498000
1881 499000
1880 500000
1878 501000
1876 502000
1874 503000
1871 504000
1867 505000
1860 506000
1855 507000
1853 508000
1839 509000
1832 510000
1826 511000
1818 512000
1807 513000
1798 514000
1787 515000
1779 516000
1766 517000
1753 518000
1739 519000
1730 520000
1715 521000
1706 522000
1699 523000
1694 524000
1690 525000
1683 526000
1674 527000
1671 528000
1663 529000
1659 530000
1651 531000
1643 532000
1637 533000
1629 534000
1622 535000
1615 536000
1608 537000
1597 538000
1591 539000
1578 540000
1567 541000
1555 542000
1545 543000
1535 544000
1524 545000
1517 546000
1507 547000
1499 548000
1494 549000
1484 550000
1480 551000
1473 552000
1466 553000
1460 554000
1452 555000
1447 556000
1442 557000
1437 558000
1431 559000
1429 560000
1423 561000
1418 562000
1412 563000
1404 564000
1396 565000
1386 566000
1378 567000
1371 568000
1364 569000
1355 570000
1346 571000
1338 572000
1332 573000
1323 574000
1316 575000
1309 576000
1305 577000
1299 578000
1298 579000
1294 580000
1290 581000
1285 582000
1283 583000
1276 584000
1273 585000
1269 586000
1261 587000
1255 588000
1251 589000
1246 590000
1244 591000
1240 592000
1230 593000
1223 594000
1217 595000
1213 596000
1209 597000
1205 598000
1203 599000
1200 600000
1199 601000
1197 602000
1198 603000
1198 604000
1197 605000
1197 606000
1196 607000
1198 608000
1195 609000
1190 610000
1186 611000
1180 612000
1174 613000
1167 614000
1166 615000
1150 616000
1145 617000
1137 618000
1129 619000
1121 620000
1114 621000
1108 622000
1099 623000
1092 624000
1080 625000
1073 626000
1057 627000
1048 628000
1039 629000
1031 630000
1024 631000
1017 632000
1012 633000
1004 634000
998 635000
