5000 -90000
4993 -89177
4991 -88677
4986 -88177
4986 -87677
4980 -87177
4977 -86677
4975 -86177
4968 -85677
4967 -85177
4967 -84677
4965 -84177
4958 -83677
4950 -83177
4942 -82677
4936 -82177
4933 -81677
4931 -81177
4927 -80677
4927 -80177
4923 -79677
4920 -79177
4924 -78677
4917 -78177
4913 -77677
4909 -77177
4905 -76677
4900 -76177
4897 -75677
4899 -75177
4895 -74677
4890 -74177
4890 -73677
4885 -73177
4879 -72677
4880 -72177
4879 -71677
4875 -71177
4868 -70677
4867 -70177
4861 -69677
4860 -69177
4859 -68677
4857 -68177
4851 -67677
4845 -67177
4837 -66677
4838 -66177
4833 -65677
4832 -65177
4830 -64677
4828 -64177
4827 -63677
4822 -63177
4815 -62677
4815 -62177
4811 -61677
4794 -61177
4794 -60677
4792 -60177
4794 -59677
4791 -59177
4788 -58677
4781 -58177
4782 -57677
4780 -57177
4773 -56677
4769 -56177
4771 -55677
4766 -55177
4765 -54677
4760 -54177
4758 -53677
4753 -53177
4750 -52677
4740 -52177
4738 -51677
4731 -51177
4735 -50677
4729 -50177
4726 -49677
4718 -49177
4710 -48677
4710 -48177
4708 -47677
4707 -47177
4706 -46677
4701 -46177
4701 -45677
4700 -45177
4698 -44677
4696 -44177
4692 -43677
4689 -43177
4689 -42677
4688 -42177
4682 -41677
4676 -41177
4678 -40677
4674 -40177
4676 -39677
4671 -39177
4666 -38677
4668 -38177
4667 -37677
4664 -37177
4663 -36677
4662 -36177
4661 -35677
4657 -35177
4662 -34677
4648 -34177
4648 -33677
4643 -33177
4640 -32677
4633 -32177
4630 -31677
4630 -31177
4625 -30677
4622 -30177
4620 -29677
4617 -29177
4617 -28677
4615 -28177
4610 -27677
4611 -27177
4604 -26677
4599 -26177
4598 -25677
4594 -25177
4591 -24677
4584 -24177
4584 -23677
4582 -23177
4582 -22677
4575 -22177
4580 -21677
4573 -21177
4568 -20677
4567 -20177
4566 -19677
4560 -19177
4557 -18677
4549 -18177
4547 -17677
4542 -17177
4540 -16677
4540 -16177
4535 -15677
4532 -15177
4525 -14677
4528 -14177
4525 -13677
4518 -13177
4514 -12677
4503 -12177
4501 -11677
4496 -11177
4495 -10677
4491 -10177
4491 -9677
4490 -9177
4485 -8677
4483 -8177
4479 -7677
4478 -7177
4476 -6677
4473 -6177
4470 -5677
4467 -5177
4466 -4677
4462 -4177
4458 -3677
4457 -3177
4450 -2677
4447 -2177
4441 -1677
4440 -1177
4434 -677
4428 -177
4423 323
4421 823
4412 1323
4410 1823
4403 2323
4401 2823
4393 3323
4391 3823
4389 4323
4385 4823
4383 5323
4380 5823
4372 6323
4371 6823
4367 7323
4364 7823
4359 8323
4357 8823
4356 9323
4349 9823
4344 10323
4342 10823
4332 11323
4328 11823
4319 12323
4316 12823
4310 13323
4304 13823
4301 14323
4293 14823
4289 15323
4284 15823
4276 16323
4273 16823
4260 17323
4255 17823
4247 18323
4242 18823
4223 19323
4220 19823
4212 20323
4205 20823
4199 21323
4200 21823
4195 22323
4197 22823
4190 23323
4188 23823
4185 24323
4178 24823
4168 25323
4161 25823
4157 26323
4156 26823
4149 27323
4130 27823
4121 28323
4115 28823
4107 29323
4099 29823
4094 30323
4095 30823
4087 31323
4084 31823
4080 32323
4079 32823
4072 33323
4070 33823
4067 34323
4065 34823
4059 35323
4055 35823
4048 36323
4041 36823
4037 37323
4030 37823
4029 38323
4020 38823
4017 39323
4012 39823
4004 40323
4001 40823
3993 41323
3987 41823
3979 42323
3972 42823
3963 43323
3955 43823
3948 44323
3937 44823
3931 45323
3924 45823
3919 46323
3915 46823
3912 47323
3902 47823
3895 48323
3881 48823
3875 49323
3867 49823
3862 50323
3856 50823
3848 51323
3838 51823
3829 52323
3819 52823
3803 53323
3799 53823
3793 54323
3788 54823
3787 55323
3780 55823
3774 56323
3775 56823
3764 57323
3754 57823
3751 58323
3749 58823
3742 59323
3739 59823
3735 60323
3725 60823
3722 61323
3715 61823
3710 62323
3710 62823
3699 63323
3694 63823
3689 64323
3682 64823
3678 65323
3674 65823
3665 66323
3662 66823
3656 67323
3648 67823
3643 68323
3638 68823
3630 69323
3625 69823
3620 70323
3612 70823
3608 71323
3602 71823
3596 72323
3592 72823
3585 73323
3578 73823
3575 74323
3569 74823
3562 75323
3553 75823
3550 76323
3543 76823
3536 77323
3530 77823
3518 78323
3511 78823
3504 79323
3496 79823
3485 80323
3481 80823
3470 81323
3464 81823
3454 82323
3452 82823
3439 83323
3437 83823
3433 84323
3422 84823
3417 85323
3408 85823
3400 86323
3397 86823
3391 87323
3384 87823
3373 88323
3367 88823
3363 89323
3363 89823
3353 90323
3347 90823
3339 91323
3336 91823
3330 92323
3323 92823
3319 93323
3310 93823
3304 94323
3299 94823
3293 95323
3288 95823
3281 96323
3275 96823
3268 97323
3263 97823
3252 98323
3236 98823
3224 99323
3218 99823
3211 100323
3209 100823
3201 101323
3195 101823
3185 102323
3178 102823
3165 103323
3155 103823
3151 104323
3142 104823
3138 105323
3134 105823
3120 106323
3123 106823
3110 107323
3104 107823
3092 108323
3083 108823
3080 109323
3068 109823
3058 110323
3050 110823
3042 111323
3035 111823
3024 112323
3023 112823
3015 113323
3012 113823
3002 114323
2991 114823
2982 115323
2979 115823
2973 116323
2967 116823
2965 117323
2959 117823
2947 118323
2940 118823
2932 119323
2927 119823
2921 120323
2912 120823
2906 121323
2900 121823
2891 122323
2890 122823
2884 123323
2875 123823
2872 124323
2861 124823
2853 125323
2836 125823
2830 126323
2825 126823
2816 127323
2816 127823
2811 128323
2803 128823
2794 129323
2788 129823
2784 130323
2777 130823
2771 131323
2758 131823
2745 132323
2737 132823
2724 133323
2713 133823
2712 134323
2694 134823
2690 135323
2683 135823
2674 136323
2666 136823
2656 137323
2652 137823
2645 138323
2633 138823
2627 139323
2627 139823
2621 140323
2616 140823
2608 141323
2602 141823
2599 142323
2590 142823
2577 143323
2568 143823
2561 144323
2557 144823
2552 145323
2545 145823
2540 146323
2532 146823
2523 147323
2522 147823
2519 148323
2517 148823
2507 149323
2504 149823
2507 150323
2493 150823
2486 151323
2471 151823
2466 152323
2465 152823
2457 153323
2446 153823
2445 154323
2433 154823
2426 155323
2424 155823
2418 156323
2412 156823
2408 157323
2394 157823
2394 158323
2386 158823
2377 159323
2377 159823
2370 160323
2361 160823
2354 161323
2353 161823
2344 162323
2334 162823
2325 163323
2324 163823
2312 164323
2309 164823
2298 165323
2290 165823
2284 166323
2273 166823
2263 167323
2255 167823
2243 168323
2235 168823
2224 169323
2214 169823
2210 170323
2208 170823
2194 171323
2193 171823
2181 172323
2173 172823
2161 173323
2162 173823
2152 174323
2144 174823
2137 175323
2127 175823
2119 176323
2112 176823
2105 177323
2099 177823
2091 178323
2082 178823
2073 179323
2069 179823
2060 180323
2054 180823
2043 181323
2037 181823
2031 182323
2022 182823
2014 183323
2006 183823
1998 184323
1988 184823
1981 185323
1972 185823
1969 186323
1959 186823
1950 187323
1945 187823
1938 188323
1936 188823
1927 189323
1922 189823
1914 190323
1905 190823
1902 191323
1894 191823
1887 192323
1881 192823
1873 193323
1864 193823
1857 194323
1851 194823
1844 195323
1837 195823
1829 196323
1823 196823
1819 197323
1808 197823
1802 198323
1794 198823
1788 199323
1781 199823
1774 200323
1768 200823
1761 201323
1752 201823
1749 202323
1747 202823
1738 203323
1735 203823
1729 204323
1723 204823
1715 205323
1709 205823
1701 206323
1697 206823
1689 207323
1684 207823
1679 208323
1673 208823
1668 209323
1664 209823
1659 210323
1654 210823
1643 211323
1638 211823
1630 212323
1623 212823
1617 213323
1611 213823
1604 214323
1606 214823
1601 215323
1593 215823
1586 216323
1577 216823
1577 217323
1570 217823
1568 218323
1564 218823
1561 219323
1555 219823
1547 220323
1545 220823
1540 221323
1535 221823
1530 222323
1523 222823
1522 223323
1516 223823
1511 224323
1510 224823
1507 225323
1503 225823
1498 226323
1493 226823
1488 227323
1484 227823
1479 228323
1476 228823
1471 229323
1466 229823
1460 230323
1455 230823
1453 231323
1448 231823
1445 232323
1441 232823
1439 233323
1433 233823
1430 234323
1424 234823
1419 235323
1412 235823
1404 236323
1401 236823
1397 237323
1392 237823
1388 238323
1381 238823
1377 239323
1372 239823
1365 240323
1362 240823
1357 241323
1352 241823
1346 242323
1342 242823
1337 243323
1334 243823
1327 244323
1323 244823
1318 245323
1315 245823
1308 246323
1303 246823
1297 247323
