5000 -8987
5000 -7987
5000 -6987
4998 -5987
4995 -4987
4992 -3987
4983 -2987
4984 -1987
4981 -987
4980 13
4976 1013
4968 2013
4960 3013
4965 4013
4957 5013
4953 6013
4944 7013
4943 8013
4943 9013
4936 10013
4932 11013
4931 12013
4925 13013
4920 14013
4909 15013
4903 16013
4892 17013
4887 18013
4882 19013
4879 20013
4876 21013
4866 22013
4856 23013
4855 24013
4849 25013
4850 26013
4849 27013
4840 28013
4835 29013
4828 30013
4822 31013
4822 32013
4820 33013
4814 34013
4819 35013
4809 36013
4802 37013
4794 38013
4799 39013
4791 40013
4792 41013
4791 42013
4781 43013
4778 44013
4779 45013
4773 46013
4774 47013
4771 48013
4766 49013
4763 50013
4755 51013
4752 52013
4744 53013
4741 54013
4733 55013
4729 56013
4722 57013
4708 58013
4705 59013
4697 60013
4695 61013
4683 62013
4683 63013
4673 64013
4664 65013
4666 66013
4657 67013
4649 68013
4643 69013
4636 70013
4631 71013
4627 72013
4616 73013
4613 74013
4601 75013
4596 76013
4590 77013
4582 78013
4575 79013
4573 80013
4561 81013
4556 82013
4549 83013
4543 84013
4538 85013
4540 86013
4531 87013
4522 88013
4523 89013
4517 90013
4515 91013
4510 92013
4505 93013
4499 94013
4496 95013
4493 96013
4485 97013
4485 98013
4478 99013
4468 100013
4465 101013
4465 102013
4455 103013
4451 104013
4443 105013
4436 106013
4430 107013
4426 108013
4417 109013
4409 110013
4408 111013
4400 112013
4398 113013
4392 114013
4384 115013
4379 116013
4372 117013
4365 118013
4350 119013
4352 120013
4346 121013
4340 122013
4333 123013
4328 124013
4316 125013
4312 126013
4304 127013
4298 128013
4298 129013
4287 130013
4281 131013
4272 132013
4269 133013
4265 134013
4257 135013
4249 136013
4242 137013
4243 138013
4235 139013
4231 140013
4225 141013
4218 142013
4217 143013
4213 144013
4208 145013
4203 146013
4200 147013
4195 148013
4185 149013
4180 150013
4174 151013
4166 152013
4162 153013
4158 154013
4155 155013
4147 156013
4139 157013
4135 158013
4129 159013
4124 160013
4119 161013
4115 162013
4106 163013
4101 164013
4091 165013
4081 166013
4080 167013
4067 168013
4058 169013
4039 170013
4034 171013
4027 172013
4022 173013
4010 174013
4008 175013
4005 176013
3997 177013
3992 178013
3988 179013
3979 180013
3972 181013
3966 182013
3962 183013
3954 184013
3945 185013
3939 186013
3936 187013
3928 188013
3920 189013
3916 190013
3908 191013
3903 192013
3897 193013
3891 194013
3885 195013
3874 196013
3874 197013
3867 198013
3862 199013
3854 200013
3848 201013
3846 202013
3837 203013
3832 204013
3819 205013
3810 206013
3804 207013
3797 208013
3791 209013
3785 210013
3775 211013
3767 212013
3767 213013
3759 214013
3745 215013
3735 216013
3739 217013
3733 218013
3726 219013
3719 220013
3712 221013
3710 222013
3707 223013
3705 224013
3696 225013
3684 226013
3674 227013
3663 228013
3656 229013
3644 230013
3640 231013
3621 232013
3611 233013
3605 234013
3594 235013
3584 236013
3577 237013
3568 238013
3557 239013
3551 240013
3544 241013
3534 242013
3521 243013
3518 244013
3512 245013
3508 246013
3501 247013
3503 248013
3493 249013
3488 250013
3482 251013
3469 252013
3463 253013
3455 254013
3451 255013
3449 256013
3447 257013
3444 258013
3450 259013
3441 260013
3432 261013
3430 262013
3419 263013
3407 264013
3405 265013
3397 266013
3387 267013
3381 268013
3372 269013
3363 270013
3350 271013
3344 272013
3330 273013
3318 274013
3311 275013
3304 276013
3296 277013
3286 278013
3280 279013
3271 280013
3266 281013
3256 282013
3250 283013
3245 284013
3236 285013
3232 286013
3224 287013
3214 288013
3207 289013
3200 290013
3194 291013
3182 292013
3176 293013
3171 294013
3169 295013
3161 296013
3150 297013
3144 298013
3139 299013
3125 300013
3125 301013
3117 302013
3112 303013
3106 304013
3099 305013
3093 306013
3089 307013
3088 308013
3079 309013
3074 310013
3067 311013
3056 312013
3045 313013
3050 314013
3034 315013
3026 316013
3020 317013
3014 318013
3002 319013
2993 320013
2987 321013
2978 322013
2972 323013
2961 324013
2954 325013
2942 326013
2935 327013
2931 328013
2925 329013
2918 330013
2902 331013
2894 332013
2884 333013
2876 334013
2869 335013
2859 336013
2851 337013
2837 338013
2832 339013
2822 340013
2811 341013
2807 342013
2794 343013
2791 344013
2780 345013
2774 346013
2762 347013
2759 348013
2748 349013
2733 350013
2734 351013
2727 352013
2718 353013
2718 354013
2714 355013
2710 356013
2700 357013
2695 358013
2694 359013
2684 360013
2677 361013
2672 362013
2665 363013
2659 364013
2657 365013
2648 366013
2647 367013
2638 368013
2631 369013
2623 370013
2618 371013
2610 372013
2602 373013
2597 374013
2590 375013
2586 376013
2588 377013
2577 378013
2569 379013
2559 380013
2552 381013
2544 382013
2537 383013
2529 384013
2523 385013
2509 386013
2502 387013
2493 388013
2481 389013
2474 390013
2461 391013
2457 392013
2452 393013
2448 394013
2441 395013
2434 396013
2428 397013
2420 398013
2414 399013
2410 400013
2403 401013
2394 402013
2389 403013
2381 404013
2375 405013
2367 406013
2360 407013
2353 408013
2349 409013
2338 410013
2334 411013
2327 412013
2325 413013
2319 414013
2311 415013
2306 416013
2299 417013
2291 418013
2286 419013
2276 420013
2270 421013
2259 422013
2253 423013
2244 424013
2236 425013
2229 426013
2216 427013
2212 428013
2204 429013
2194 430013
2189 431013
2182 432013
2177 433013
2167 434013
2164 435013
2158 436013
2149 437013
2141 438013
2131 439013
2122 440013
2119 441013
2109 442013
2102 443013
2091 444013
2083 445013
2074 446013
2066 447013
2054 448013
2042 449013
2034 450013
2023 451013
2015 452013
2007 453013
1997 454013
1993 455013
1992 456013
1976 457013
1967 458013
1960 459013
1953 460013
1943 461013
1937 462013
1930 463013
1926 464013
1920 465013
1917 466013
1913 467013
1909 468013
1906 469013
1905 470013
1899 471013
1898 472013
1889 473013
1888 474013
1882 475013
1878 476013
1871 477013
1861 478013
1856 479013
1850 480013
1847 481013
1840 482013
1833 483013
1828 484013
1820 485013
1818 486013
1810 487013
1800 488013
1794 489013
1788 490013
1781 491013
1774 492013
1764 493013
1756 494013
1751 495013
1741 496013
1733 497013
1726 498013
1720 499013
1712 500013
1700 501013
1697 502013
1690 503013
1685 504013
1675 505013
1670 506013
1662 507013
1655 508013
1649 509013
1642 510013
1634 511013
1624 512013
1619 513013
1612 514013
1603 515013
1596 516013
1591 517013
1583 518013
1576 519013
1570 520013
1563 521013
1555 522013
1547 523013
1540 524013
1531 525013
1525 526013
1518 527013
1512 528013
1503 529013
1494 530013
1486 531013
1480 532013
1471 533013
1467 534013
1457 535013
1453 536013
1443 537013
1439 538013
1429 539013
1421 540013
1418 541013
1409 542013
1403 543013
1391 544013
1384 545013
1377 546013
1373 547013
1372 548013
1363 549013
1354 550013
1348 551013
1341 552013
1335 553013
1326 554013
1323 555013
1313 556013
1302 557013
1295 558013
1286 559013
1284 560013
1279 561013
1274 562013
1269 563013
1260 564013
1256 565013
1246 566013
1246 567013
1241 568013
1234 569013
1232 570013
1222 571013
1223 572013
1217 573013
1213 574013
1211 575013
1207 576013
1205 577013
1200 578013
1197 579013
1195 580013
1192 581013
1188 582013
1182 583013
1180 584013
1177 585013
1172 586013
1166 587013
1162 588013
1160 589013
1157 590013
1151 591013
1146 592013
1140 593013
1135 594013
1129 595013
1122 596013
1117 597013
1109 598013
1105 599013
1097 600013
1090 601013
1085 602013
1078 603013
1071 604013
1065 605013
1062 606013
1046 607013
1051 608013
1043 609013
1039 610013
1032 611013
1027 612013
1023 613013
1017 614013
1011 615013
1005 616013
998 617013
