5000 -26004
5000 -25004
5000 -24004
5000 -23004
5000 -22004
5000 -21004
5000 -20004
5000 -19004
4997 -18004
4982 -17004
4987 -16004
4979 -15004
4971 -14004
4976 -13004
4965 -12004
4956 -11004
4944 -10004
4939 -9004
4926 -8004
4929 -7004
4919 -6004
4923 -5004
4917 -4004
4902 -3004
4908 -2004
4896 -1004
4900 -4
4895 996
4882 1996
4884 2996
4881 3996
4869 4996
4868 5996
4862 6996
4870 7996
4869 8996
4867 9996
4862 10996
4857 11996
4859 12996
4853 13996
4865 14996
4852 15996
4854 16996
4856 17996
4863 18996
4859 19996
4868 20996
4853 21996
4849 22996
4855 23996
4848 24996
4844 25996
4852 26996
4847 27996
4837 28996
4848 29996
4838 30996
4839 31996
4834 32996
4826 33996
4822 34996
4812 35996
4824 36996
4813 37996
4808 38996
4797 39996
4788 40996
4784 41996
4778 42996
4764 43996
4761 44996
4745 45996
4751 46996
4746 47996
4745 48996
4733 49996
4735 50996
4718 51996
4708 52996
4702 53996
4682 54996
4687 55996
4677 56996
4668 57996
4654 58996
4634 59996
4615 60996
4593 61996
4589 62996
4585 63996
4577 64996
4551 65996
4535 66996
4529 67996
4515 68996
4513 69996
4508 70996
4493 71996
4485 72996
4462 73996
4449 74996
4436 75996
4430 76996
4428 77996
4421 78996
4423 79996
4417 80996
4401 81996
4401 82996
4400 83996
4389 84996
4377 85996
4379 86996
4384 87996
4368 88996
4360 89996
4356 90996
4355 91996
4355 92996
4351 93996
4346 94996
4347 95996
4334 96996
4326 97996
4316 98996
4311 99996
4299 100996
4298 101996
4298 102996
4299 103996
4298 104996
4301 105996
4298 106996
4301 107996
4288 108996
4289 109996
4278 110996
4273 111996
4287 112996
4276 113996
4281 114996
4284 115996
4282 116996
4290 117996
4284 118996
4284 119996
4280 120996
4274 121996
4283 122996
4274 123996
4270 124996
4274 125996
4273 126996
4276 127996
4264 128996
4267 129996
4264 130996
4264 131996
4261 132996
4255 133996
4261 134996
4266 135996
4259 136996
4248 137996
4249 138996
4252 139996
4241 140996
4242 141996
4233 142996
4226 143996
4219 144996
4213 145996
4215 146996
4193 147996
4197 148996
4177 149996
4163 150996
4159 151996
4144 152996
4139 153996
4122 154996
4118 155996
4114 156996
4106 157996
4089 158996
4083 159996
4075 160996
4069 161996
4063 162996
4057 163996
4032 164996
4030 165996
4015 166996
4001 167996
3984 168996
3963 169996
3955 170996
3935 171996
3921 172996
3908 173996
3898 174996
3892 175996
3882 176996
3872 177996
3877 178996
3860 179996
3851 180996
3844 181996
3836 182996
3827 183996
3805 184996
3794 185996
3786 186996
3769 187996
3761 188996
3753 189996
3747 190996
3740 191996
3736 192996
3734 193996
3728 194996
3729 195996
3720 196996
3701 197996
3699 198996
3684 199996
3686 200996
3670 201996
3644 202996
3638 203996
3623 204996
3613 205996
3620 206996
3613 207996
3611 208996
3605 209996
3608 210996
3607 211996
3601 212996
3596 213996
3585 214996
3584 215996
3580 216996
3570 217996
3569 218996
3564 219996
3566 220996
3560 221996
3558 222996
3558 223996
3557 224996
3557 225996
3556 226996
3557 227996
3550 228996
3541 229996
3538 230996
3534 231996
3531 232996
3537 233996
3533 234996
3531 235996
3524 236996
3529 237996
3530 238996
3527 239996
3524 240996
3528 241996
3518 242996
3508 243996
3499 244996
3497 245996
3490 246996
3487 247996
3482 248996
3464 249996
3469 250996
3464 251996
3452 252996
3441 253996
3430 254996
3425 255996
3414 256996
3405 257996
3389 258996
3377 259996
3376 260996
3368 261996
3345 262996
3326 263996
3316 264996
3294 265996
3284 266996
3257 267996
3243 268996
3227 269996
3216 270996
3210 271996
3201 272996
3198 273996
3184 274996
3171 275996
3171 276996
3158 277996
3147 278996
3140 279996
3128 280996
3097 281996
3068 282996
3049 283996
3042 284996
3037 285996
3033 286996
3031 287996
3027 288996
3025 289996
3021 290996
3013 291996
3005 292996
2986 293996
2972 294996
2962 295996
2952 296996
2947 297996
2937 298996
2931 299996
2930 300996
2923 301996
2917 302996
2906 303996
2896 304996
2877 305996
2869 306996
2868 307996
2860 308996
2838 309996
2826 310996
2818 311996
2810 312996
2803 313996
2801 314996
2795 315996
2786 316996
2779 317996
2777 318996
2771 319996
2767 320996
2766 321996
2759 322996
2742 323996
2727 324996
2725 325996
2717 326996
2715 327996
2706 328996
2701 329996
2694 330996
2695 331996
2690 332996
2691 333996
2687 334996
2682 335996
2683 336996
2677 337996
2680 338996
2684 339996
2677 340996
2679 341996
2677 342996
2679 343996
2677 344996
2680 345996
2679 346996
2678 347996
2673 348996
2671 349996
2667 350996
2660 351996
2660 352996
2660 353996
2649 354996
2655 355996
2652 356996
2650 357996
2642 358996
2643 359996
2634 360996
2629 361996
2621 362996
2609 363996
2601 364996
2593 365996
2578 366996
2564 367996
2559 368996
2541 369996
2534 370996
2526 371996
2520 372996
2507 373996
2492 374996
2481 375996
2474 376996
2460 377996
2449 378996
2436 379996
2427 380996
2418 381996
2413 382996
2396 383996
2383 384996
2370 385996
2349 386996
2333 387996
2315 388996
2300 389996
2278 390996
2251 391996
2233 392996
2212 393996
2205 394996
2196 395996
2184 396996
2164 397996
2148 398996
2132 399996
2121 400996
2104 401996
2093 402996
2078 403996
2069 404996
2054 405996
2048 406996
2045 407996
2041 408996
2040 409996
2036 410996
2034 411996
2028 412996
2023 413996
2010 414996
2000 415996
1990 416996
1982 417996
1980 418996
1973 419996
1962 420996
1962 421996
1953 422996
1945 423996
1940 424996
1936 425996
1938 426996
1935 427996
1931 428996
1929 429996
1926 430996
1920 431996
1914 432996
1911 433996
1906 434996
1903 435996
1900 436996
1899 437996
1896 438996
1889 439996
1888 440996
1887 441996
1889 442996
1896 443996
1896 444996
1895 445996
1894 446996
1893 447996
1891 448996
1892 449996
1888 450996
1888 451996
1882 452996
1879 453996
1876 454996
1874 455996
1874 456996
1869 457996
1864 458996
1859 459996
1853 460996
1847 461996
1848 462996
1838 463996
1829 464996
1824 465996
1816 466996
1811 467996
1804 468996
1797 469996
1792 470996
1779 471996
1768 472996
1751 473996
1748 474996
1738 475996
1735 476996
1730 477996
1725 478996
1711 479996
1706 480996
1697 481996
1688 482996
1680 483996
1674 484996
1663 485996
1652 486996
1644 487996
1635 488996
1630 489996
1622 490996
1611 491996
1595 492996
1578 493996
1568 494996
1554 495996
1535 496996
1517 497996
1502 498996
1490 499996
1477 500996
1464 501996
1451 502996
1441 503996
1432 504996
1416 505996
1403 506996
1393 507996
1383 508996
1373 509996
1363 510996
1355 511996
1346 512996
1331 513996
1322 514996
1309 515996
1301 516996
1293 517996
1284 518996
1276 519996
1269 520996
1262 521996
1254 522996
1252 523996
1247 524996
1246 525996
1243 526996
1245 527996
1240 528996
1236 529996
1232 530996
1219 531996
1214 532996
1213 533996
1206 534996
1203 535996
1201 536996
1198 537996
1202 538996
1196 539996
1195 540996
1192 541996
1193 542996
1191 543996
1192 544996
1188 545996
1187 546996
1180 547996
1173 548996
1169 549996
1167 550996
1166 551996
1163 552996
1161 553996
1163 554996
1158 555996
1161 556996
1155 557996
1150 558996
1148 559996
1149 560996
1149 561996
1141 562996
1143 563996
1139 564996
1138 565996
1133 566996
1133 567996
1127 568996
1125 569996
1122 570996
1117 571996
1113 572996
1108 573996
1110 574996
1106 575996
1099 576996
1101 577996
1092 578996
1086 579996
1074 580996
1068 581996
1057 582996
1056 583996
1049 584996
1035 585996
1016 586996
1008 587996
988 588996
