4991 -99019
4992 -98019
4987 -97019
4993 -96019
5000 -95019
4986 -94019
4989 -93019
4991 -92019
4985 -91019
4972 -90019
4980 -89019
4985 -88019
4997 -87019
4995 -86019
4988 -85019
4978 -84019
4968 -83019
4965 -82019
4971 -81019
4970 -80019
4964 -79019
4976 -78019
4965 -77019
4968 -76019
4959 -75019
4958 -74019
4961 -73019
4966 -72019
4961 -71019
4953 -70019
4960 -69019
4958 -68019
4955 -67019
4952 -66019
4951 -65019
4948 -64019
4947 -63019
4945 -62019
4936 -61019
4942 -60019
4936 -59019
4932 -58019
4909 -57019
4930 -56019
4925 -55019
4919 -54019
4906 -53019
4897 -52019
4897 -51019
4890 -50019
4890 -49019
4883 -48019
4885 -47019
4876 -46019
4874 -45019
4864 -44019
4864 -43019
4853 -42019
4854 -41019
4849 -40019
4838 -39019
4842 -38019
4836 -37019
4826 -36019
4826 -35019
4830 -34019
4819 -33019
4816 -32019
4819 -31019
4811 -30019
4807 -29019
4801 -28019
4802 -27019
4820 -26019
4814 -25019
4808 -24019
4806 -23019
4795 -22019
4791 -21019
4785 -20019
4758 -19019
4753 -18019
4736 -17019
4720 -16019
4724 -15019
4713 -14019
4710 -13019
4710 -12019
4703 -11019
4706 -10019
4698 -9019
4705 -8019
4691 -7019
4691 -6019
4695 -5019
4689 -4019
4694 -3019
4675 -2019
4677 -1019
4682 -19
4675 981
4680 1981
4673 2981
4672 3981
4661 4981
4661 5981
4659 6981
4663 7981
4654 8981
4649 9981
4644 10981
4644 11981
4642 12981
4645 13981
4638 14981
4639 15981
4641 16981
4646 17981
4641 18981
4637 19981
4625 20981
4630 21981
4631 22981
4622 23981
4617 24981
4620 25981
4616 26981
4613 27981
4619 28981
4621 29981
4606 30981
4602 31981
4593 32981
4600 33981
4597 34981
4591 35981
4595 36981
4581 37981
4583 38981
4584 39981
4571 40981
4577 41981
4571 42981
4559 43981
4559 44981
4550 45981
4546 46981
4540 47981
4532 48981
4528 49981
4515 50981
4514 51981
4511 52981
4498 53981
4486 54981
4478 55981
4472 56981
4461 57981
4462 58981
4446 59981
4426 60981
4407 61981
4392 62981
4381 63981
4384 64981
4368 65981
4362 66981
4348 67981
4329 68981
4324 69981
4310 70981
4306 71981
4294 72981
4289 73981
4293 74981
4289 75981
4297 76981
4289 77981
4276 78981
4278 79981
4274 80981
4261 81981
4264 82981
4253 83981
4250 84981
4234 85981
4219 86981
4202 87981
4178 88981
4165 89981
4159 90981
4154 91981
4146 92981
4138 93981
4127 94981
4098 95981
4064 96981
4060 97981
4059 98981
4062 99981
4058 100981
4056 101981
4066 102981
4066 103981
4059 104981
4053 105981
4048 106981
4054 107981
4050 108981
4052 109981
4043 110981
4042 111981
4038 112981
4039 113981
4043 114981
4043 115981
4042 116981
4035 117981
4038 118981
4046 119981
4048 120981
4041 121981
4039 122981
4041 123981
4037 124981
4041 125981
4035 126981
4041 127981
4041 128981
4036 129981
4034 130981
4033 131981
4029 132981
4031 133981
4004 134981
4005 135981
4004 136981
3999 137981
3994 138981
3995 139981
3988 140981
3986 141981
3981 142981
3981 143981
3973 144981
3972 145981
3967 146981
3964 147981
3963 148981
3957 149981
3956 150981
3952 151981
3949 152981
3938 153981
3929 154981
3928 155981
3925 156981
3916 157981
3910 158981
3906 159981
3897 160981
3891 161981
3882 162981
3877 163981
3833 164981
3810 165981
3806 166981
3788 167981
3790 168981
3786 169981
3776 170981
3760 171981
3739 172981
3726 173981
3718 174981
3702 175981
3687 176981
3676 177981
3667 178981
3656 179981
3645 180981
3631 181981
3625 182981
3614 183981
3610 184981
3580 185981
3570 186981
3562 187981
3553 188981
3546 189981
3540 190981
3536 191981
3543 192981
3538 193981
3519 194981
3508 195981
3490 196981
3472 197981
3452 198981
3447 199981
3438 200981
3403 201981
3386 202981
3355 203981
3349 204981
3348 205981
3345 206981
3350 207981
3348 208981
3347 209981
3345 210981
3334 211981
3334 212981
3335 213981
3333 214981
3329 215981
3332 216981
3329 217981
3331 218981
3329 219981
3328 220981
3328 221981
3332 222981
3331 223981
3322 224981
3322 225981
3326 226981
3325 227981
3326 228981
3320 229981
3325 230981
3319 231981
3319 232981
3318 233981
3318 234981
3318 235981
3321 236981
3320 237981
3329 238981
3328 239981
3320 240981
3324 241981
3317 242981
3310 243981
3305 244981
3300 245981
3292 246981
3280 247981
3276 248981
3276 249981
3270 250981
3269 251981
3262 252981
3255 253981
3245 254981
3237 255981
3230 256981
3225 257981
3226 258981
3218 259981
3211 260981
3202 261981
3194 262981
3185 263981
3174 264981
3166 265981
3157 266981
3144 267981
3135 268981
3114 269981
3090 270981
3068 271981
3050 272981
3034 273981
3014 274981
2998 275981
2982 276981
2968 277981
2958 278981
2950 279981
2921 280981
2917 281981
2907 282981
2902 283981
2884 284981
2875 285981
2863 286981
2851 287981
2843 288981
2827 289981
2824 290981
2817 291981
2816 292981
2813 293981
2808 294981
2803 295981
2797 296981
2792 297981
2779 298981
2766 299981
2761 300981
2745 301981
2735 302981
2718 303981
2685 304981
2677 305981
2659 306981
2650 307981
2640 308981
2631 309981
2616 310981
2590 311981
2579 312981
2574 313981
2570 314981
2582 315981
2588 316981
2581 317981
2582 318981
2580 319981
2573 320981
2566 321981
2556 322981
2552 323981
2551 324981
2544 325981
2544 326981
2544 327981
2542 328981
2540 329981
2537 330981
2543 331981
2538 332981
2541 333981
2540 334981
2541 335981
2533 336981
2538 337981
2544 338981
2538 339981
2536 340981
2531 341981
2529 342981
2530 343981
2522 344981
2524 345981
2542 346981
2544 347981
2536 348981
2533 349981
2536 350981
2523 351981
2521 352981
2514 353981
2504 354981
2498 355981
2495 356981
2486 357981
2478 358981
2474 359981
2476 360981
2465 361981
2456 362981
2454 363981
2442 364981
2440 365981
2437 366981
2428 367981
2422 368981
2409 369981
2396 370981
2395 371981
2380 372981
2369 373981
2350 374981
2332 375981
2326 376981
2315 377981
2305 378981
2303 379981
2286 380981
2276 381981
2266 382981
2267 383981
2260 384981
2245 385981
2236 386981
2204 387981
2194 388981
2163 389981
2154 390981
2144 391981
2130 392981
2122 393981
2079 394981
2075 395981
2068 396981
2052 397981
2046 398981
2011 399981
1999 400981
1990 401981
1981 402981
1977 403981
1968 404981
1965 405981
1959 406981
1948 407981
1940 408981
1936 409981
1929 410981
1923 411981
1923 412981
1911 413981
1870 414981
1862 415981
1849 416981
1835 417981
1821 418981
1808 419981
1812 420981
1815 421981
1819 422981
1820 423981
1816 424981
1814 425981
1810 426981
1814 427981
1813 428981
1809 429981
1806 430981
1803 431981
1799 432981
1793 433981
1788 434981
1785 435981
1780 436981
1777 437981
1774 438981
1771 439981
1770 440981
1770 441981
1769 442981
1773 443981
1771 444981
1767 445981
1761 446981
1763 447981
1765 448981
1763 449981
1758 450981
1758 451981
1758 452981
1748 453981
1748 454981
1738 455981
1736 456981
1741 457981
1738 458981
1740 459981
1738 460981
1739 461981
1733 462981
1725 463981
1718 464981
1716 465981
1711 466981
1702 467981
1699 468981
1692 469981
1690 470981
1684 471981
1681 472981
1676 473981
1669 474981
1663 475981
1656 476981
1649 477981
1644 478981
1640 479981
1634 480981
1623 481981
1616 482981
1605 483981
1589 484981
1570 485981
1552 486981
1536 487981
1516 488981
1494 489981
1475 490981
1461 491981
1443 492981
1419 493981
1403 494981
1388 495981
1387 496981
1382 497981
1375 498981
1369 499981
1351 500981
1340 501981
1335 502981
1329 503981
1301 504981
1289 505981
1286 506981
1281 507981
1270 508981
1261 509981
1240 510981
1228 511981
1228 512981
1232 513981
1224 514981
1217 515981
1224 516981
1212 517981
1207 518981
1202 519981
1197 520981
1185 521981
1184 522981
1170 523981
1173 524981
1159 525981
1154 526981
1153 527981
1152 528981
1149 529981
1148 530981
1146 531981
1142 532981
1142 533981
1131 534981
1122 535981
1118 536981
1117 537981
1118 538981
1113 539981
1106 540981
1103 541981
1100 542981
1101 543981
1097 544981
1093 545981
1094 546981
1093 547981
1093 548981
1094 549981
1092 550981
1087 551981
1088 552981
1086 553981
1080 554981
1076 555981
1074 556981
1072 557981
1069 558981
1069 559981
1068 560981
1061 561981
1059 562981
1060 563981
1057 564981
1060 565981
1052 566981
1051 567981
1054 568981
1054 569981
1048 570981
1043 571981
1036 572981
1035 573981
1029 574981
1027 575981
1023 576981
1017 577981
1013 578981
1009 579981
1004 580981
998 581981
