5000 14969
4991 15969
4983 16969
4975 17969
4972 18969
4966 19969
4951 20969
4945 21969
4934 22969
4922 23969
4906 24969
4894 25969
4880 26969
4866 27969
4855 28969
4845 29969
4830 30969
4827 31969
4825 32969
4821 33969
4815 34969
4803 35969
4794 36969
4792 37969
4791 38969
4790 39969
4789 40969
4789 41969
4780 42969
4776 43969
4773 44969
4773 45969
4778 46969
4778 47969
4765 48969
4760 49969
4761 50969
4758 51969
4763 52969
4757 53969
4757 54969
4762 55969
4758 56969
4752 57969
4746 58969
4736 59969
4725 60969
4720 61969
4718 62969
4714 63969
4710 64969
4710 65969
4707 66969
4701 67969
4694 68969
4692 69969
4695 70969
4692 71969
4695 72969
4698 73969
4700 74969
4694 75969
4696 76969
4694 77969
4696 78969
4694 79969
4692 80969
4690 81969
4685 82969
4682 83969
4679 84969
4674 85969
4675 86969
4673 87969
4671 88969
4669 89969
4664 90969
4662 91969
4663 92969
4664 93969
4662 94969
4667 95969
4660 96969
4660 97969
4660 98969
4653 99969
4647 100969
4629 101969
4611 102969
4604 103969
4593 104969
4580 105969
4563 106969
4559 107969
4542 108969
4538 109969
4530 110969
4517 111969
4502 112969
4499 113969
4486 114969
4473 115969
4464 116969
4448 117969
4433 118969
4416 119969
4399 120969
4384 121969
4377 122969
4369 123969
4368 124969
4367 125969
4357 126969
4346 127969
4340 128969
4335 129969
4325 130969
4318 131969
4306 132969
4294 133969
4291 134969
4280 135969
4271 136969
4268 137969
4266 138969
4260 139969
4258 140969
4254 141969
4253 142969
4258 143969
4255 144969
4257 145969
4254 146969
4254 147969
4250 148969
4247 149969
4236 150969
4245 151969
4239 152969
4227 153969
4218 154969
4204 155969
4188 156969
4172 157969
4165 158969
4163 159969
4160 160969
4158 161969
4147 162969
4152 163969
4145 164969
4149 165969
4148 166969
4146 167969
4147 168969
4146 169969
4146 170969
4148 171969
4146 172969
4145 173969
4145 174969
4144 175969
4143 176969
4142 177969
4141 178969
4136 179969
4147 180969
4145 181969
4148 182969
4146 183969
4143 184969
4140 185969
4136 186969
4137 187969
4133 188969
4135 189969
4139 190969
4133 191969
4127 192969
4127 193969
4120 194969
4123 195969
4113 196969
4109 197969
4107 198969
4103 199969
4098 200969
4092 201969
4088 202969
4083 203969
4079 204969
4071 205969
4068 206969
4061 207969
4051 208969
4034 209969
4021 210969
4005 211969
3974 212969
3944 213969
3921 214969
3895 215969
3880 216969
3865 217969
3852 218969
3840 219969
3827 220969
3826 221969
3809 222969
3798 223969
3788 224969
3777 225969
3762 226969
3751 227969
3737 228969
3722 229969
3705 230969
3689 231969
3674 232969
3661 233969
3647 234969
3634 235969
3623 236969
3615 237969
3606 238969
3592 239969
3591 240969
3588 241969
3568 242969
3565 243969
3555 244969
3530 245969
3485 246969
3482 247969
3468 248969
3461 249969
3452 250969
3447 251969
3442 252969
3438 253969
3438 254969
3426 255969
3421 256969
3417 257969
3411 258969
3408 259969
3403 260969
3395 261969
3389 262969
3380 263969
3380 264969
3375 265969
3371 266969
3370 267969
3371 268969
3373 269969
3373 270969
3377 271969
3376 272969
3379 273969
3381 274969
3381 275969
3385 276969
3381 277969
3379 278969
3384 279969
3384 280969
3387 281969
3396 282969
3401 283969
3401 284969
3402 285969
3395 286969
3393 287969
3396 288969
3393 289969
3392 290969
3385 291969
3390 292969
3385 293969
3382 294969
3380 295969
3379 296969
3381 297969
3375 298969
3373 299969
3370 300969
3364 301969
3360 302969
3357 303969
3354 304969
3350 305969
3343 306969
3336 307969
3334 308969
3330 309969
3328 310969
3326 311969
3322 312969
3324 313969
3322 314969
3320 315969
3297 316969
3279 317969
3251 318969
3223 319969
3194 320969
3167 321969
3144 322969
3119 323969
3101 324969
3076 325969
3050 326969
3027 327969
3003 328969
2984 329969
2964 330969
2943 331969
2922 332969
2908 333969
2896 334969
2882 335969
2868 336969
2850 337969
2836 338969
2827 339969
2808 340969
2807 341969
2805 342969
2800 343969
2792 344969
2786 345969
2783 346969
2782 347969
2783 348969
2783 349969
2778 350969
2776 351969
2774 352969
2745 353969
2729 354969
2727 355969
2726 356969
2722 357969
2712 358969
2704 359969
2701 360969
2698 361969
2694 362969
2686 363969
2678 364969
2671 365969
2671 366969
2669 367969
2653 368969
2637 369969
2617 370969
2610 371969
2610 372969
2596 373969
2590 374969
2588 375969
2584 376969
2584 377969
2586 378969
2580 379969
2579 380969
2576 381969
2574 382969
2584 383969
2578 384969
2582 385969
2578 386969
2576 387969
2582 388969
2594 389969
2603 390969
2607 391969
2604 392969
2609 393969
2613 394969
2615 395969
2614 396969
2609 397969
2607 398969
2604 399969
2607 400969
2610 401969
2607 402969
2606 403969
2603 404969
2597 405969
2593 406969
2588 407969
2585 408969
2582 409969
2581 410969
2578 411969
2573 412969
2572 413969
2567 414969
2562 415969
2553 416969
2549 417969
2537 418969
2524 419969
2505 420969
2488 421969
2466 422969
2449 423969
2444 424969
2438 425969
2421 426969
2406 427969
2370 428969
2323 429969
2293 430969
2265 431969
2230 432969
2207 433969
2186 434969
2164 435969
2148 436969
2135 437969
2121 438969
2103 439969
2093 440969
2087 441969
2084 442969
2079 443969
2063 444969
2049 445969
2036 446969
2026 447969
2019 448969
2015 449969
2007 450969
1996 451969
1989 452969
1983 453969
1979 454969
1975 455969
1970 456969
1966 457969
1962 458969
1945 459969
1935 460969
1922 461969
1912 462969
1904 463969
1908 464969
1903 465969
1897 466969
1888 467969
1881 468969
1873 469969
1869 470969
1855 471969
1832 472969
1821 473969
1808 474969
1799 475969
1796 476969
1789 477969
1786 478969
1787 479969
1785 480969
1784 481969
1783 482969
1785 483969
1786 484969
1794 485969
1802 486969
1806 487969
1813 488969
1815 489969
1814 490969
1812 491969
1816 492969
1819 493969
1819 494969
1820 495969
1818 496969
1816 497969
1818 498969
1820 499969
1818 500969
1816 501969
1820 502969
1817 503969
1816 504969
1818 505969
1821 506969
1827 507969
1817 508969
1814 509969
1807 510969
1803 511969
1800 512969
1793 513969
1783 514969
1772 515969
1768 516969
1764 517969
1756 518969
1756 519969
1749 520969
1744 521969
1741 522969
1738 523969
1733 524969
1731 525969
1724 526969
1713 527969
1702 528969
1687 529969
1674 530969
1664 531969
1646 532969
1627 533969
1609 534969
1595 535969
1575 536969
1557 537969
1536 538969
1520 539969
1497 540969
1475 541969
1461 542969
1450 543969
1443 544969
1432 545969
1420 546969
1417 547969
1406 548969
1395 549969
1382 550969
1368 551969
1357 552969
1341 553969
1331 554969
1315 555969
1303 556969
1294 557969
1284 558969
1268 559969
1262 560969
1251 561969
1236 562969
1234 563969
1234 564969
1235 565969
1229 566969
1224 567969
1224 568969
1219 569969
1219 570969
1215 571969
1212 572969
1213 573969
1213 574969
1210 575969
1200 576969
1194 577969
1189 578969
1183 579969
1174 580969
1163 581969
1154 582969
1150 583969
1145 584969
1142 585969
1143 586969
1142 587969
1141 588969
1141 589969
1139 590969
1143 591969
1140 592969
1142 593969
1140 594969
1137 595969
1137 596969
1136 597969
1136 598969
1133 599969
1134 600969
1131 601969
1129 602969
1128 603969
1128 604969
1124 605969
1123 606969
1123 607969
1121 608969
1121 609969
1122 610969
1119 611969
1119 612969
1116 613969
1119 614969
1116 615969
1114 616969
1111 617969
1109 618969
1106 619969
1101 620969
1097 621969
1085 622969
1078 623969
1073 624969
1070 625969
1068 626969
1065 627969
1061 628969
1063 629969
1059 630969
1055 631969
1053 632969
1049 633969
1046 634969
1044 635969
1041 636969
1038 637969
1035 638969
1029 639969
1025 640969
1021 641969
1014 642969
1008 643969
993 644969
