5000 -4000
5000 -3000
4995 -2000
4996 -1000
4988 0
4979 1000
4973 2000
4973 3000
4964 4000
4961 5000
4945 6000
4944 7000
4932 8000
4925 9000
4923 10000
4916 11000
4906 12000
4905 13000
4892 14000
4891 15000
4880 16000
4875 17000
4872 18000
4865 19000
4865 20000
4852 21000
4853 22000
4848 23000
4844 24000
4836 25000
4833 26000
4828 27000
4821 28000
4817 29000
4815 30000
4806 31000
4804 32000
4802 33000
4803 34000
4800 35000
4796 36000
4791 37000
4792 38000
4789 39000
4784 40000
4781 41000
4779 42000
4783 43000
4780 44000
4777 45000
4774 46000
4769 47000
4775 48000
4771 49000
4776 50000
4769 51000
4771 52000
4762 53000
4765 54000
4763 55000
4763 56000
4764 57000
4759 58000
4763 59000
4761 60000
4759 61000
4753 62000
4747 63000
4747 64000
4748 65000
4744 66000
4735 67000
4738 68000
4732 69000
4726 70000
4724 71000
4713 72000
4720 73000
4712 74000
4705 75000
4693 76000
4691 77000
4689 78000
4683 79000
4675 80000
4671 81000
4669 82000
4658 83000
4661 84000
4649 85000
4644 86000
4632 87000
4627 88000
4607 89000
4602 90000
4599 91000
4593 92000
4590 93000
4574 94000
4566 95000
4578 96000
4568 97000
4565 98000
4548 99000
4539 100000
4535 101000
4519 102000
4512 103000
4500 104000
4497 105000
4488 106000
4478 107000
4470 108000
4459 109000
4449 110000
4436 111000
4432 112000
4426 113000
4414 114000
4408 115000
4400 116000
4392 117000
4384 118000
4377 119000
4368 120000
4361 121000
4354 122000
4347 123000
4341 124000
4328 125000
4330 126000
4322 127000
4318 128000
4311 129000
4304 130000
4297 131000
4293 132000
4286 133000
4282 134000
4278 135000
4271 136000
4267 137000
4265 138000
4264 139000
4260 140000
4257 141000
4262 142000
4255 143000
4254 144000
4243 145000
4240 146000
4238 147000
4231 148000
4228 149000
4221 150000
4220 151000
4223 152000
4222 153000
4218 154000
4209 155000
4209 156000
4207 157000
4209 158000
4206 159000
4206 160000
4206 161000
4201 162000
4202 163000
4197 164000
4204 165000
4200 166000
4193 167000
4192 168000
4187 169000
4183 170000
4182 171000
4181 172000
4173 173000
4166 174000
4163 175000
4156 176000
4149 177000
4145 178000
4142 179000
4140 180000
4137 181000
4127 182000
4125 183000
4115 184000
4113 185000
4105 186000
4103 187000
4101 188000
4093 189000
4081 190000
4076 191000
4064 192000
4054 193000
4043 194000
4030 195000
4021 196000
4007 197000
3998 198000
3993 199000
3979 200000
3974 201000
3963 202000
3949 203000
3940 204000
3922 205000
3912 206000
3906 207000
3893 208000
3874 209000
3861 210000
3849 211000
3845 212000
3831 213000
3822 214000
3805 215000
3787 216000
3779 217000
3763 218000
3751 219000
3739 220000
3729 221000
3718 222000
3713 223000
3699 224000
3690 225000
3690 226000
3674 227000
3668 228000
3662 229000
3653 230000
3641 231000
3629 232000
3621 233000
3613 234000
3600 235000
3599 236000
3595 237000
3586 238000
3585 239000
3582 240000
3570 241000
3561 242000
3553 243000
3550 244000
3544 245000
3547 246000
3535 247000
3530 248000
3526 249000
3522 250000
3514 251000
3512 252000
3506 253000
3501 254000
3497 255000
3498 256000
3491 257000
3487 258000
3489 259000
3484 260000
3477 261000
3482 262000
3481 263000
3476 264000
3473 265000
3471 266000
3464 267000
3456 268000
3451 269000
3452 270000
3448 271000
3446 272000
3445 273000
3444 274000
3440 275000
3440 276000
3436 277000
3431 278000
3425 279000
3417 280000
3413 281000
3402 282000
3396 283000
3387 284000
3376 285000
3376 286000
3363 287000
3358 288000
3356 289000
3352 290000
3349 291000
3340 292000
3330 293000
3324 294000
3319 295000
3318 296000
3310 297000
3306 298000
3293 299000
3283 300000
3273 301000
3264 302000
3251 303000
3239 304000
3225 305000
3211 306000
3203 307000
3193 308000
3182 309000
3172 310000
3161 311000
3151 312000
3140 313000
3129 314000
3127 315000
3119 316000
3106 317000
3097 318000
3089 319000
3088 320000
3075 321000
3060 322000
3047 323000
3036 324000
3025 325000
3014 326000
3000 327000
2988 328000
2977 329000
2962 330000
2949 331000
2938 332000
2917 333000
2909 334000
2901 335000
2896 336000
2883 337000
2878 338000
2866 339000
2854 340000
2848 341000
2834 342000
2825 343000
2818 344000
2813 345000
2804 346000
2799 347000
2790 348000
2789 349000
2774 350000
2769 351000
2764 352000
2757 353000
2758 354000
2753 355000
2748 356000
2737 357000
2733 358000
2726 359000
2729 360000
2722 361000
2724 362000
2714 363000
2704 364000
2701 365000
2704 366000
2697 367000
2700 368000
2695 369000
2696 370000
2691 371000
2692 372000
2689 373000
2682 374000
2675 375000
2668 376000
2663 377000
2656 378000
2657 379000
2655 380000
2654 381000
2655 382000
2649 383000
2638 384000
2633 385000
2625 386000
2627 387000
2627 388000
2622 389000
2616 390000
2611 391000
2605 392000
2596 393000
2593 394000
2584 395000
2580 396000
2572 397000
2570 398000
2561 399000
2560 400000
2553 401000
2539 402000
2531 403000
2527 404000
2514 405000
2515 406000
2509 407000
2493 408000
2486 409000
2476 410000
2466 411000
2448 412000
2433 413000
2418 414000
2403 415000
2401 416000
2383 417000
2378 418000
2365 419000
2356 420000
2345 421000
2343 422000
2338 423000
2326 424000
2314 425000
2307 426000
2293 427000
2283 428000
2281 429000
2274 430000
2261 431000
2257 432000
2242 433000
2237 434000
2224 435000
2207 436000
2197 437000
2186 438000
2174 439000
2165 440000
2153 441000
2140 442000
2128 443000
2121 444000
2109 445000
2097 446000
2084 447000
2075 448000
2070 449000
2062 450000
2054 451000
2043 452000
2037 453000
2030 454000
2019 455000
2012 456000
2006 457000
1994 458000
1986 459000
1982 460000
1980 461000
1973 462000
1968 463000
1961 464000
1958 465000
1954 466000
1950 467000
1943 468000
1942 469000
1932 470000
1934 471000
1930 472000
1924 473000
1921 474000
1918 475000
1917 476000
1914 477000
1915 478000
1911 479000
1907 480000
1907 481000
1904 482000
1899 483000
1895 484000
1888 485000
1880 486000
1879 487000
1878 488000
1871 489000
1866 490000
1863 491000
1861 492000
1859 493000
1858 494000
1849 495000
1842 496000
1839 497000
1835 498000
1828 499000
1816 500000
1809 501000
1804 502000
1800 503000
1794 504000
1787 505000
1787 506000
1781 507000
1773 508000
1762 509000
1746 510000
1736 511000
1732 512000
1727 513000
1725 514000
1713 515000
1705 516000
1698 517000
1687 518000
1677 519000
1663 520000
1649 521000
1640 522000
1631 523000
1629 524000
1620 525000
1608 526000
1597 527000
1589 528000
1579 529000
1576 530000
1568 531000
1563 532000
1554 533000
1541 534000
1537 535000
1536 536000
1534 537000
1524 538000
1516 539000
1505 540000
1491 541000
1483 542000
1471 543000
1457 544000
1444 545000
1428 546000
1420 547000
1409 548000
1402 549000
1394 550000
1384 551000
1376 552000
1368 553000
1358 554000
1351 555000
1344 556000
1330 557000
1326 558000
1316 559000
1307 560000
1298 561000
1289 562000
1283 563000
1273 564000
1268 565000
1259 566000
1249 567000
1244 568000
1243 569000
1234 570000
1231 571000
1234 572000
1223 573000
1219 574000
1213 575000
1210 576000
1209 577000
1205 578000
1202 579000
1195 580000
1191 581000
1189 582000
1189 583000
1190 584000
1190 585000
1189 586000
1188 587000
1186 588000
1182 589000
1178 590000
1170 591000
1162 592000
1157 593000
1155 594000
1150 595000
1151 596000
1150 597000
1147 598000
1146 599000
1140 600000
1135 601000
1134 602000
1128 603000
1121 604000
1119 605000
1113 606000
1105 607000
1099 608000
1093 609000
1092 610000
1087 611000
1081 612000
1075 613000
1067 614000
1058 615000
1053 616000
1046 617000
1036 618000
1030 619000
1026 620000
1020 621000
1014 622000
1009 623000
1004 624000
995 625000
