5000 1993
5000 2993
5000 3993
5000 4993
5000 5993
4998 6993
4994 7993
4989 8993
4973 9993
4969 10993
4962 11993
4953 12993
4941 13993
4943 14993
4927 15993
4919 16993
4903 17993
4883 18993
4865 19993
4866 20993
4853 21993
4846 22993
4841 23993
4834 24993
4821 25993
4820 26993
4806 27993
4800 28993
4788 29993
4786 30993
4784 31993
4772 32993
4764 33993
4755 34993
4745 35993
4736 36993
4727 37993
4719 38993
4720 39993
4712 40993
4713 41993
4706 42993
4703 43993
4701 44993
4702 45993
4692 46993
4695 47993
4698 48993
4699 49993
4692 50993
4691 51993
4692 52993
4696 53993
4690 54993
4691 55993
4678 56993
4686 57993
4685 58993
4680 59993
4692 60993
4689 61993
4689 62993
4684 63993
4680 64993
4682 65993
4672 66993
4664 67993
4655 68993
4647 69993
4636 70993
4622 71993
4620 72993
4616 73993
4618 74993
4607 75993
4609 76993
4619 77993
4616 78993
4607 79993
4601 80993
4598 81993
4603 82993
4600 83993
4601 84993
4593 85993
4596 86993
4597 87993
4592 88993
4587 89993
4583 90993
4577 91993
4582 92993
4574 93993
4576 94993
4576 95993
4570 96993
4568 97993
4571 98993
4567 99993
4563 100993
4547 101993
4541 102993
4541 103993
4540 104993
4528 105993
4527 106993
4524 107993
4520 108993
4516 109993
4506 110993
4507 111993
4506 112993
4498 113993
4491 114993
4492 115993
4476 116993
4471 117993
4467 118993
4449 119993
4448 120993
4446 121993
4437 122993
4426 123993
4412 124993
4401 125993
4383 126993
4368 127993
4343 128993
4326 129993
4310 130993
4294 131993
4282 132993
4260 133993
4245 134993
4226 135993
4224 136993
4217 137993
4205 138993
4194 139993
4183 140993
4167 141993
4156 142993
4148 143993
4144 144993
4132 145993
4117 146993
4106 147993
4098 148993
4087 149993
4137 150993
4139 151993
4097 152993
4085 153993
4079 154993
4075 155993
4066 156993
4062 157993
4051 158993
4037 159993
4036 160993
4026 161993
4022 162993
4016 163993
4008 164993
4009 165993
4004 166993
4002 167993
4005 168993
4009 169993
4015 170993
4022 171993
4015 172993
4017 173993
4015 174993
4003 175993
4001 176993
3994 177993
3991 178993
3988 179993
3989 180993
3997 181993
3994 182993
3985 183993
3988 184993
3979 185993
3975 186993
3967 187993
3961 188993
3956 189993
3948 190993
3942 191993
3943 192993
3943 193993
3939 194993
3943 195993
3934 196993
3936 197993
3929 198993
3927 199993
3930 200993
3925 201993
3925 202993
3921 203993
3922 204993
3920 205993
3919 206993
3913 207993
3903 208993
3897 209993
3891 210993
3882 211993
3882 212993
3877 213993
3868 214993
3864 215993
3857 216993
3848 217993
3835 218993
3830 219993
3822 220993
3814 221993
3810 222993
3804 223993
3799 224993
3788 225993
3780 226993
3770 227993
3749 228993
3739 229993
3725 230993
3711 231993
3695 232993
3677 233993
3662 234993
3644 235993
3626 236993
3603 237993
3595 238993
3581 239993
3566 240993
3551 241993
3536 242993
3527 243993
3507 244993
3497 245993
3479 246993
3465 247993
3449 248993
3435 249993
3421 250993
3403 251993
3393 252993
3380 253993
3371 254993
3356 255993
3348 256993
3343 257993
3337 258993
3327 259993
3316 260993
3313 261993
3297 262993
3284 263993
3280 264993
3270 265993
3263 266993
3261 267993
3257 268993
3263 269993
3263 270993
3269 271993
3265 272993
3270 273993
3272 274993
3273 275993
3273 276993
3274 277993
3278 278993
3279 279993
3277 280993
3268 281993
3264 282993
3263 283993
3255 284993
3252 285993
3251 286993
3247 287993
3246 288993
3242 289993
3244 290993
3236 291993
3232 292993
3225 293993
3218 294993
3219 295993
3214 296993
3215 297993
3208 298993
3198 299993
3192 300993
3186 301993
3185 302993
3185 303993
3176 304993
3169 305993
3169 306993
3158 307993
3156 308993
3150 309993
3144 310993
3137 311993
3129 312993
3119 313993
3115 314993
3109 315993
3100 316993
3090 317993
3079 318993
3081 319993
3076 320993
3068 321993
3060 322993
3052 323993
3042 324993
3025 325993
3010 326993
2996 327993
2988 328993
2977 329993
2965 330993
2952 331993
2931 332993
2918 333993
2914 334993
2913 335993
2902 336993
2894 337993
2887 338993
2879 339993
2870 340993
2857 341993
2848 342993
2823 343993
2814 344993
2798 345993
2780 346993
2760 347993
2742 348993
2722 349993
2705 350993
2693 351993
2679 352993
2663 353993
2647 354993
2628 355993
2614 356993
2592 357993
2571 358993
2558 359993
2543 360993
2534 361993
2525 362993
2522 363993
2518 364993
2508 365993
2500 366993
2492 367993
2483 368993
2474 369993
2464 370993
2456 371993
2448 372993
2440 373993
2430 374993
2428 375993
2421 376993
2408 377993
2403 378993
2397 379993
2391 380993
2383 381993
2383 382993
2377 383993
2371 384993
2364 385993
2362 386993
2358 387993
2353 388993
2351 389993
2349 390993
2345 391993
2345 392993
2348 393993
2349 394993
2351 395993
2357 396993
2355 397993
2353 398993
2351 399993
2346 400993
2345 401993
2341 402993
2339 403993
2332 404993
2331 405993
2324 406993
2319 407993
2320 408993
2315 409993
2308 410993
2304 411993
2298 412993
2290 413993
2286 414993
2277 415993
2272 416993
2268 417993
2263 418993
2257 419993
2257 420993
2254 421993
2254 422993
2244 423993
2246 424993
2244 425993
2236 426993
2231 427993
2228 428993
2220 429993
2211 430993
2199 431993
2191 432993
2176 433993
2165 434993
2156 435993
2149 436993
2143 437993
2134 438993
2127 439993
2123 440993
2116 441993
2115 442993
2114 443993
2104 444993
2096 445993
2074 446993
2056 447993
2043 448993
2031 449993
2016 450993
2000 451993
1987 452993
1971 453993
1957 454993
1948 455993
1934 456993
1922 457993
1907 458993
1893 459993
1878 460993
1868 461993
1853 462993
1840 463993
1827 464993
1814 465993
1806 466993
1797 467993
1786 468993
1785 469993
1776 470993
1776 471993
1773 472993
1766 473993
1760 474993
1756 475993
1753 476993
1751 477993
1752 478993
1747 479993
1757 480993
1763 481993
1763 482993
1762 483993
1766 484993
1756 485993
1749 486993
1735 487993
1724 488993
1713 489993
1697 490993
1685 491993
1672 492993
1664 493993
1655 494993
1642 495993
1631 496993
1620 497993
1609 498993
1601 499993
1594 500993
1594 501993
1596 502993
1596 503993
1597 504993
1595 505993
1597 506993
1592 507993
1591 508993
1585 509993
1580 510993
1576 511993
1571 512993
1568 513993
1568 514993
1561 515993
1553 516993
1549 517993
1544 518993
1536 519993
1535 520993
1527 521993
1521 522993
1522 523993
1520 524993
1519 525993
1512 526993
1505 527993
1506 528993
1511 529993
1509 530993
1503 531993
1499 532993
1492 533993
1477 534993
1473 535993
1464 536993
1460 537993
1454 538993
1443 539993
1438 540993
1426 541993
1419 542993
1406 543993
1402 544993
1391 545993
1383 546993
1378 547993
1371 548993
1368 549993
1367 550993
1373 551993
1369 552993
1364 553993
1355 554993
1344 555993
1332 556993
1320 557993
1305 558993
1294 559993
1284 560993
1273 561993
1257 562993
1249 563993
1235 564993
1226 565993
1211 566993
1200 567993
1192 568993
1180 569993
1175 570993
1168 571993
1164 572993
1155 573993
1149 574993
1140 575993
1134 576993
1129 577993
1124 578993
1124 579993
1123 580993
1123 581993
1117 582993
1110 583993
1110 584993
1105 585993
1100 586993
1102 587993
1094 588993
1092 589993
1083 590993
1081 591993
1075 592993
1068 593993
1065 594993
1062 595993
1054 596993
1045 597993
1035 598993
1034 599993
1025 600993
1017 601993
1007 602993
998 603993
