5000 95995
5000 96995
5000 97995
4992 98995
5000 99995
4995 100995
5000 101995
4995 102995
5000 103995
4991 104995
4999 105995
4992 106995
4988 107995
4986 108995
4983 109995
4974 110995
4974 111995
4977 112995
4970 113995
4970 114995
4975 115995
4964 116995
4964 117995
4973 118995
4965 119995
4967 120995
4963 121995
4966 122995
4968 123995
4963 124995
4958 125995
4952 126995
4956 127995
4955 128995
4944 129995
4944 130995
4943 131995
4948 132995
4947 133995
4945 134995
4941 135995
4940 136995
4932 137995
4942 138995
4930 139995
4928 140995
4921 141995
4923 142995
4924 143995
4913 144995
4914 145995
4914 146995
4907 147995
4909 148995
4905 149995
4903 150995
4906 151995
4903 152995
4900 153995
4898 154995
4894 155995
4902 156995
4891 157995
4892 158995
4882 159995
4886 160995
4882 161995
4884 162995
4881 163995
4871 164995
4873 165995
4873 166995
4863 167995
4860 168995
4864 169995
4858 170995
4854 171995
4847 172995
4851 173995
4844 174995
4838 175995
4840 176995
4837 177995
4826 178995
4830 179995
4817 180995
4823 181995
4824 182995
4820 183995
4810 184995
4811 185995
4805 186995
4807 187995
4801 188995
4798 189995
4798 190995
4792 191995
4787 192995
4787 193995
4784 194995
4788 195995
4773 196995
4778 197995
4774 198995
4772 199995
4768 200995
4759 201995
4761 202995
4758 203995
4752 204995
4756 205995
4745 206995
4742 207995
4744 208995
4746 209995
4740 210995
4734 211995
4731 212995
4731 213995
4729 214995
4723 215995
4722 216995
4719 217995
4715 218995
4712 219995
4712 220995
4708 221995
4710 222995
4704 223995
4704 224995
4696 225995
4695 226995
4695 227995
4693 228995
4684 229995
4686 230995
4677 231995
4676 232995
4678 233995
4671 234995
4672 235995
4671 236995
4668 237995
4666 238995
4666 239995
4670 240995
4670 241995
4666 242995
4666 243995
4666 244995
4664 245995
4664 246995
4666 247995
4667 248995
4663 249995
4663 250995
4669 251995
4663 252995
4656 253995
4661 254995
4657 255995
4654 256995
4656 257995
4651 258995
4654 259995
4649 260995
4653 261995
4649 262995
4639 263995
4643 264995
4645 265995
4646 266995
4638 267995
4634 268995
4635 269995
4636 270995
4632 271995
4631 272995
4624 273995
4618 274995
4616 275995
4619 276995
4618 277995
4616 278995
4613 279995
4609 280995
4609 281995
4617 282995
4615 283995
4614 284995
4613 285995
4609 286995
4609 287995
4608 288995
4608 289995
4602 290995
4603 291995
4603 292995
4605 293995
4601 294995
4599 295995
4602 296995
4601 297995
4601 298995
4594 299995
4607 300995
4602 301995
4605 302995
4599 303995
4596 304995
4601 305995
4604 306995
4601 307995
4601 308995
4606 309995
4602 310995
4602 311995
4602 312995
4606 313995
4604 314995
4608 315995
4613 316995
4610 317995
4613 318995
4613 319995
4614 320995
4612 321995
4616 322995
4621 323995
4619 324995
4625 325995
4627 326995
4620 327995
4626 328995
4629 329995
4634 330995
4634 331995
4635 332995
4635 333995
4631 334995
4639 335995
4632 336995
4640 337995
4638 338995
4639 339995
4634 340995
4631 341995
4633 342995
4634 343995
4632 344995
4630 345995
4634 346995
4632 347995
4630 348995
4631 349995
4630 350995
4628 351995
4624 352995
4626 353995
4627 354995
4628 355995
4622 356995
4626 357995
4620 358995
4628 359995
4626 360995
4623 361995
4625 362995
4623 363995
4624 364995
4624 365995
4632 366995
4622 367995
4622 368995
4618 369995
4617 370995
4619 371995
4615 372995
4617 373995
4610 374995
4615 375995
4614 376995
4611 377995
4609 378995
4608 379995
4607 380995
4609 381995
4601 382995
4606 383995
4605 384995
4602 385995
4602 386995
4597 387995
4599 388995
4596 389995
4597 390995
4596 391995
4594 392995
4589 393995
4586 394995
4582 395995
4583 396995
4585 397995
4582 398995
4578 399995
4578 400995
4573 401995
4571 402995
4567 403995
4565 404995
4562 405995
4562 406995
4553 407995
4550 408995
4546 409995
4548 410995
4547 411995
4540 412995
4540 413995
4532 414995
4530 415995
4527 416995
4524 417995
4520 418995
4516 419995
4518 420995
4509 421995
4505 422995
4496 423995
4498 424995
4492 425995
4482 426995
4480 427995
4474 428995
4466 429995
4463 430995
4457 431995
4455 432995
4451 433995
4450 434995
4444 435995
4438 436995
4440 437995
4433 438995
4434 439995
4430 440995
4429 441995
4424 442995
4415 443995
4417 444995
4412 445995
4410 446995
4410 447995
4404 448995
4402 449995
4400 450995
4399 451995
4392 452995
4390 453995
4393 454995
4389 455995
4385 456995
4380 457995
4379 458995
4375 459995
4368 460995
4370 461995
4363 462995
4361 463995
4359 464995
4352 465995
4358 466995
4349 467995
4344 468995
4343 469995
4339 470995
4338 471995
4336 472995
4334 473995
4332 474995
4329 475995
4326 476995
4329 477995
4325 478995
4320 479995
4316 480995
4312 481995
4310 482995
4309 483995
4302 484995
4306 485995
4301 486995
4300 487995
4300 488995
4292 489995
4292 490995
4285 491995
4285 492995
4282 493995
4282 494995
4276 495995
4275 496995
4272 497995
4270 498995
4272 499995
4263 500995
4266 501995
4263 502995
4257 503995
4257 504995
4256 505995
4254 506995
4248 507995
4250 508995
4248 509995
4244 510995
4240 511995
4240 512995
4237 513995
4237 514995
4242 515995
4236 516995
4231 517995
4225 518995
4219 519995
4224 520995
4221 521995
4216 522995
4212 523995
4213 524995
4207 525995
4204 526995
4202 527995
4198 528995
4200 529995
4191 530995
4191 531995
4191 532995
4190 533995
4186 534995
4187 535995
4183 536995
4175 537995
4171 538995
4174 539995
4171 540995
4170 541995
4165 542995
4160 543995
4158 544995
4154 545995
4157 546995
4152 547995
4148 548995
4146 549995
4143 550995
4139 551995
4139 552995
4131 553995
4129 554995
4128 555995
4127 556995
4122 557995
4121 558995
4120 559995
4116 560995
4120 561995
4117 562995
4114 563995
4106 564995
4105 565995
4105 566995
4103 567995
4096 568995
4098 569995
4089 570995
4089 571995
4088 572995
4090 573995
4089 574995
4089 575995
4081 576995
4084 577995
4079 578995
4076 579995
4078 580995
4073 581995
4070 582995
4068 583995
4069 584995
4063 585995
4062 586995
4066 587995
4055 588995
4056 589995
4057 590995
4056 591995
4055 592995
4055 593995
4055 594995
4050 595995
4049 596995
4050 597995
4054 598995
4047 599995
4043 600995
4048 601995
4042 602995
4041 603995
4040 604995
4038 605995
4037 606995
4037 607995
4044 608995
4035 609995
4038 610995
4033 611995
4041 612995
4038 613995
4034 614995
4040 615995
4039 616995
4040 617995
4034 618995
4041 619995
4040 620995
4040 621995
4037 622995
4040 623995
4040 624995
4039 625995
4044 626995
4040 627995
4039 628995
4044 629995
4044 630995
4043 631995
4044 632995
4043 633995
4045 634995
4045 635995
4046 636995
4049 637995
4053 638995
4056 639995
4054 640995
4056 641995
4049 642995
4053 643995
4057 644995
4051 645995
4055 646995
4055 647995
4059 648995
4054 649995
4057 650995
4057 651995
4061 652995
4061 653995
4060 654995
4063 655995
4060 656995
4062 657995
4055 658995
4058 659995
4058 660995
4061 661995
4061 662995
4056 663995
4056 664995
4052 665995
4053 666995
4056 667995
4055 668995
4051 669995
4052 670995
4057 671995
4050 672995
4052 673995
4046 674995
4052 675995
4051 676995
4048 677995
4047 678995
4043 679995
4043 680995
4046 681995
4043 682995
4047 683995
4042 684995
4041 685995
4043 686995
4039 687995
4035 688995
4040 689995
4036 690995
4035 691995
4037 692995
4029 693995
4030 694995
4037 695995
4030 696995
4027 697995
4035 698995
4025 699995
4031 700995
4025 701995
4027 702995
4028 703995
4026 704995
4024 705995
4028 706995
4023 707995
4022 708995
4016 709995
4018 710995
4021 711995
4016 712995
4013 713995
4006 714995
4003 715995
4005 716995
4003 717995
3995 718995
3996 719995
3999 720995
4001 721995
3999 722995
3994 723995
3992 724995
3987 725995
3983 726995
3981 727995
3978 728995
3976 729995
3975 730995
3969 731995
3967 732995
3956 733995
3957 734995
3949 735995
3946 736995
3939 737995
3937 738995
3934 739995
3929 740995
3923 741995
3923 742995
3919 743995
3913 744995
3911 745995
3901 746995
3904 747995
3903 748995
3892 749995
3884 750995
3880 751995
3870 752995
3864 753995
3863 754995
3859 755995
3858 756995
3855 757995
3852 758995
3850 759995
3844 760995
3841 761995
3845 762995
3839 763995
3836 764995
3835 765995
3826 766995
3830 767995
3825 768995
3823 769995
3818 770995
3819 771995
3810 772995
3808 773995
3801 774995
3798 775995
3799 776995
3790 777995
3787 778995
3781 779995
3778 780995
3770 781995
3768 782995
3762 783995
3759 784995
3757 785995
3752 786995
3745 787995
3737 788995
3732 789995
3731 790995
3731 791995
3727 792995
3717 793995
3714 794995
3707 795995
3710 796995
3704 797995
3701 798995
3695 799995
3690 800995
3684 801995
3680 802995
3677 803995
3669 804995
3662 805995
3661 806995
3656 807995
3655 808995
3647 809995
3646 810995
3642 811995
3643 812995
3634 813995
3633 814995
3631 815995
3629 816995
3628 817995
3629 818995
3622 819995
3619 820995
3619 821995
3618 822995
3610 823995
3604 824995
3603 825995
3599 826995
3596 827995
3592 828995
3592 829995
3581 830995
3585 831995
3583 832995
3578 833995
3577 834995
3575 835995
3575 836995
3566 837995
3569 838995
3562 839995
3557 840995
3558 841995
3555 842995
3545 843995
3542 844995
3547 845995
3541 846995
3542 847995
3542 848995
3533 849995
3533 850995
3528 851995
3530 852995
3523 853995
3520 854995
3519 855995
3514 856995
3510 857995
3506 858995
3499 859995
3502 860995
3494 861995
3497 862995
3496 863995
3493 864995
3491 865995
3492 866995
3485 867995
3484 868995
3472 869995
3469 870995
3458 871995
3454 872995
3447 873995
3446 874995
3444 875995
3442 876995
3439 877995
3432 878995
3431 879995
3428 880995
3426 881995
3424 882995
3423 883995
3415 884995
3414 885995
3412 886995
3410 887995
3400 888995
3410 889995
3405 890995
3400 891995
3402 892995
3393 893995
3389 894995
3389 895995
3384 896995
3381 897995
3384 898995
3377 899995
3373 900995
3371 901995
3367 902995
3367 903995
3363 904995
3362 905995
3364 906995
3360 907995
3357 908995
3351 909995
3345 910995
3339 911995
3334 912995
3331 913995
3321 914995
3323 915995
3322 916995
3321 917995
3315 918995
3315 919995
3310 920995
3313 921995
3316 922995
3314 923995
3313 924995
3314 925995
3314 926995
3315 927995
3312 928995
3304 929995
3307 930995
3306 931995
3307 932995
3306 933995
3307 934995
3308 935995
3304 936995
3305 937995
3306 938995
3310 939995
3313 940995
3311 941995
3314 942995
3315 943995
3310 944995
3310 945995
3314 946995
3316 947995
3317 948995
3320 949995
3321 950995
3323 951995
3324 952995
3325 953995
3325 954995
3330 955995
3332 956995
3332 957995
3326 958995
3334 959995
3331 960995
3329 961995
3336 962995
3337 963995
3338 964995
3336 965995
3336 966995
3335 967995
3337 968995
3338 969995
3341 970995
3339 971995
3337 972995
3342 973995
3342 974995
3342 975995
3346 976995
3347 977995
3348 978995
3346 979995
3346 980995
3355 981995
3354 982995
3353 983995
3360 984995
3358 985995
3364 986995
3362 987995
3364 988995
3362 989995
3364 990995
3364 991995
3367 992995
3372 993995
3370 994995
3371 995995
3375 996995
3375 997995
3376 998995
3373 999995
3380 1000995
3378 1001995
3377 1002995
3373 1003995
3376 1004995
3367 1005995
3371 1006995
3369 1007995
3369 1008995
3366 1009995
3369 1010995
3366 1011995
3365 1012995
3361 1013995
3364 1014995
3361 1015995
3360 1016995
3353 1017995
3353 1018995
3351 1019995
3351 1020995
3350 1021995
3346 1022995
3342 1023995
3344 1024995
3340 1025995
3339 1026995
3335 1027995
3335 1028995
3332 1029995
3331 1030995
3331 1031995
3329 1032995
3329 1033995
3322 1034995
3320 1035995
3310 1036995
3308 1037995
3303 1038995
3301 1039995
3297 1040995
3299 1041995
3295 1042995
3296 1043995
3289 1044995
3290 1045995
3282 1046995
3282 1047995
3274 1048995
3277 1049995
3270 1050995
3267 1051995
3267 1052995
3263 1053995
3259 1054995
3257 1055995
3254 1056995
3252 1057995
3243 1058995
3241 1059995
3236 1060995
3234 1061995
3226 1062995
3220 1063995
3214 1064995
3204 1065995
3194 1066995
3191 1067995
3182 1068995
3183 1069995
3176 1070995
3171 1071995
3165 1072995
3166 1073995
3159 1074995
3156 1075995
3151 1076995
3148 1077995
3143 1078995
3143 1079995
3133 1080995
3132 1081995
3130 1082995
3128 1083995
3128 1084995
3126 1085995
3118 1086995
3112 1087995
3108 1088995
3101 1089995
3088 1090995
3083 1091995
3076 1092995
3067 1093995
3061 1094995
3050 1095995
3046 1096995
3037 1097995
3033 1098995
3031 1099995
3027 1100995
3023 1101995
3023 1102995
3020 1103995
3018 1104995
3016 1105995
3014 1106995
3007 1107995
3001 1108995
2995 1109995
2992 1110995
2985 1111995
2982 1112995
2979 1113995
2975 1114995
2977 1115995
2971 1116995
2970 1117995
2968 1118995
2964 1119995
2956 1120995
2956 1121995
2948 1122995
2940 1123995
2938 1124995
2930 1125995
2929 1126995
2921 1127995
2916 1128995
2910 1129995
2906 1130995
2899 1131995
2898 1132995
2896 1133995
2893 1134995
2894 1135995
2891 1136995
2882 1137995
2880 1138995
2879 1139995
2875 1140995
2875 1141995
2873 1142995
2873 1143995
2870 1144995
2870 1145995
2865 1146995
2860 1147995
2863 1148995
2860 1149995
2857 1150995
2855 1151995
2849 1152995
2844 1153995
2833 1154995
2836 1155995
2834 1156995
2828 1157995
2823 1158995
2824 1159995
2821 1160995
2816 1161995
2815 1162995
2810 1163995
2806 1164995
2807 1165995
2805 1166995
2800 1167995
2798 1168995
2797 1169995
2795 1170995
2791 1171995
2792 1172995
2781 1173995
2776 1174995
2770 1175995
2764 1176995
2759 1177995
2756 1178995
2751 1179995
2750 1180995
2745 1181995
2741 1182995
2737 1183995
2733 1184995
2729 1185995
2721 1186995
2717 1187995
2708 1188995
2701 1189995
2698 1190995
2695 1191995
2690 1192995
2684 1193995
2680 1194995
2679 1195995
2673 1196995
2672 1197995
2667 1198995
2667 1199995
2668 1200995
2660 1201995
2659 1202995
2658 1203995
2659 1204995
2654 1205995
2646 1206995
2644 1207995
2639 1208995
2637 1209995
2634 1210995
2631 1211995
2628 1212995
2622 1213995
2625 1214995
2621 1215995
2618 1216995
2618 1217995
2618 1218995
2617 1219995
2614 1220995
2609 1221995
2603 1222995
2601 1223995
2600 1224995
2592 1225995
2591 1226995
2589 1227995
2587 1228995
2583 1229995
2583 1230995
2582 1231995
2579 1232995
2576 1233995
2573 1234995
2572 1235995
2570 1236995
2566 1237995
2564 1238995
2559 1239995
2558 1240995
2555 1241995
2552 1242995
2553 1243995
2551 1244995
2549 1245995
2548 1246995
2546 1247995
2545 1248995
2541 1249995
2544 1250995
2541 1251995
2541 1252995
2543 1253995
2542 1254995
2543 1255995
2545 1256995
2545 1257995
2548 1258995
2547 1259995
2550 1260995
2549 1261995
2551 1262995
2550 1263995
2551 1264995
2542 1265995
2551 1266995
2552 1267995
2552 1268995
2553 1269995
2556 1270995
2552 1271995
2554 1272995
2556 1273995
2554 1274995
2555 1275995
2555 1276995
2554 1277995
2556 1278995
2558 1279995
2561 1280995
2560 1281995
2561 1282995
2564 1283995
2566 1284995
2572 1285995
2574 1286995
2576 1287995
2579 1288995
2580 1289995
2580 1290995
2587 1291995
2586 1292995
2585 1293995
2586 1294995
2586 1295995
2586 1296995
2584 1297995
2585 1298995
2590 1299995
2586 1300995
2584 1301995
2585 1302995
2584 1303995
2584 1304995
2582 1305995
2581 1306995
2579 1307995
2581 1308995
2581 1309995
2576 1310995
2576 1311995
2574 1312995
2575 1313995
2572 1314995
2571 1315995
2568 1316995
2567 1317995
2566 1318995
2566 1319995
2563 1320995
2560 1321995
2558 1322995
2558 1323995
2556 1324995
2554 1325995
2555 1326995
2552 1327995
2552 1328995
2550 1329995
2544 1330995
2543 1331995
2539 1332995
2537 1333995
2536 1334995
2533 1335995
2531 1336995
2529 1337995
2528 1338995
2529 1339995
2523 1340995
2522 1341995
2519 1342995
2513 1343995
2514 1344995
2511 1345995
2511 1346995
2512 1347995
2507 1348995
2508 1349995
2509 1350995
2506 1351995
2506 1352995
2499 1353995
2503 1354995
2497 1355995
2497 1356995
2493 1357995
2488 1358995
2489 1359995
2485 1360995
2484 1361995
2479 1362995
2478 1363995
2480 1364995
2472 1365995
2472 1366995
2471 1367995
2467 1368995
2466 1369995
2463 1370995
2464 1371995
2458 1372995
2458 1373995
2457 1374995
2453 1375995
2452 1376995
2450 1377995
2445 1378995
2442 1379995
2442 1380995
2438 1381995
2434 1382995
2432 1383995
2429 1384995
2428 1385995
2420 1386995
2414 1387995
2405 1388995
2399 1389995
2394 1390995
2390 1391995
2387 1392995
2384 1393995
2379 1394995
2375 1395995
2368 1396995
2366 1397995
2362 1398995
2358 1399995
2356 1400995
2349 1401995
2346 1402995
2346 1403995
2341 1404995
2336 1405995
2332 1406995
2327 1407995
2323 1408995
2320 1409995
2318 1410995
2315 1411995
2311 1412995
2304 1413995
2301 1414995
2296 1415995
2295 1416995
2289 1417995
2283 1418995
2280 1419995
2279 1420995
2279 1421995
2273 1422995
2265 1423995
2264 1424995
2260 1425995
2256 1426995
2251 1427995
2250 1428995
2244 1429995
2244 1430995
2240 1431995
2240 1432995
2244 1433995
2240 1434995
2237 1435995
2238 1436995
2234 1437995
2235 1438995
2237 1439995
2238 1440995
2236 1441995
2238 1442995
2236 1443995
2235 1444995
2232 1445995
2229 1446995
2229 1447995
2226 1448995
2225 1449995
2219 1450995
2217 1451995
2212 1452995
2211 1453995
2207 1454995
2203 1455995
2202 1456995
2200 1457995
2198 1458995
2192 1459995
2188 1460995
2183 1461995
2183 1462995
2178 1463995
2174 1464995
2170 1465995
2165 1466995
2163 1467995
2159 1468995
2158 1469995
2154 1470995
2151 1471995
2147 1472995
2144 1473995
2143 1474995
2134 1475995
2136 1476995
2133 1477995
2132 1478995
2129 1479995
2125 1480995
2121 1481995
2119 1482995
2118 1483995
2114 1484995
2114 1485995
2112 1486995
2107 1487995
2105 1488995
2105 1489995
2103 1490995
2100 1491995
2099 1492995
2099 1493995
2096 1494995
2094 1495995
2092 1496995
2088 1497995
2085 1498995
2084 1499995
2080 1500995
2079 1501995
2074 1502995
2072 1503995
2066 1504995
2060 1505995
2055 1506995
2049 1507995
2045 1508995
2042 1509995
2039 1510995
2034 1511995
2036 1512995
2035 1513995
2031 1514995
2025 1515995
2014 1516995
2012 1517995
2005 1518995
2002 1519995
1995 1520995
1989 1521995
1986 1522995
1981 1523995
1978 1524995
1976 1525995
1974 1526995
1974 1527995
1968 1528995
1965 1529995
1962 1530995
1960 1531995
1956 1532995
1953 1533995
1952 1534995
1949 1535995
1949 1536995
1947 1537995
1948 1538995
1946 1539995
1945 1540995
1942 1541995
1946 1542995
1940 1543995
1941 1544995
1940 1545995
1936 1546995
1935 1547995
1934 1548995
1932 1549995
1930 1550995
1927 1551995
1930 1552995
1925 1553995
1923 1554995
1921 1555995
1919 1556995
1918 1557995
1917 1558995
1916 1559995
1913 1560995
1906 1561995
1902 1562995
1907 1563995
1912 1564995
1908 1565995
1904 1566995
1903 1567995
1905 1568995
1902 1569995
1899 1570995
1902 1571995
1899 1572995
1898 1573995
1899 1574995
1898 1575995
1897 1576995
1891 1577995
1896 1578995
1893 1579995
1891 1580995
1888 1581995
1890 1582995
1883 1583995
1881 1584995
1883 1585995
1881 1586995
1881 1587995
1883 1588995
1879 1589995
1880 1590995
1884 1591995
1890 1592995
1888 1593995
1885 1594995
1888 1595995
1884 1596995
1882 1597995
1877 1598995
1883 1599995
1881 1600995
1875 1601995
1876 1602995
1877 1603995
1876 1604995
1871 1605995
1876 1606995
1874 1607995
1875 1608995
1872 1609995
1873 1610995
1873 1611995
1871 1612995
1869 1613995
1865 1614995
1868 1615995
1873 1616995
1869 1617995
1868 1618995
1867 1619995
1866 1620995
1867 1621995
1870 1622995
1872 1623995
1870 1624995
1869 1625995
1865 1626995
1865 1627995
1865 1628995
1866 1629995
1865 1630995
1865 1631995
1865 1632995
1863 1633995
1864 1634995
1861 1635995
1864 1636995
1868 1637995
1857 1638995
1853 1639995
1855 1640995
1856 1641995
1856 1642995
1856 1643995
1854 1644995
1853 1645995
1850 1646995
1852 1647995
1851 1648995
1848 1649995
1847 1650995
1843 1651995
1846 1652995
1844 1653995
1839 1654995
1840 1655995
1840 1656995
1838 1657995
1836 1658995
1838 1659995
1835 1660995
1836 1661995
1836 1662995
1833 1663995
1833 1664995
1832 1665995
1832 1666995
1829 1667995
1828 1668995
1829 1669995
1826 1670995
1826 1671995
1824 1672995
1824 1673995
1824 1674995
1823 1675995
1824 1676995
1824 1677995
1822 1678995
1824 1679995
1823 1680995
1824 1681995
1821 1682995
1818 1683995
1821 1684995
1818 1685995
1818 1686995
1818 1687995
1815 1688995
1812 1689995
1809 1690995
1809 1691995
1808 1692995
1804 1693995
1803 1694995
1801 1695995
1801 1696995
1795 1697995
1790 1698995
1791 1699995
1793 1700995
1791 1701995
1784 1702995
1781 1703995
1777 1704995
1773 1705995
1773 1706995
1771 1707995
1766 1708995
1764 1709995
1759 1710995
1756 1711995
1753 1712995
1750 1713995
1748 1714995
1741 1715995
1740 1716995
1734 1717995
1734 1718995
1726 1719995
1723 1720995
1721 1721995
1719 1722995
1713 1723995
1709 1724995
1705 1725995
1704 1726995
1700 1727995
1698 1728995
1698 1729995
1694 1730995
1694 1731995
1690 1732995
1685 1733995
1687 1734995
1680 1735995
1681 1736995
1680 1737995
1676 1738995
1680 1739995
1679 1740995
1676 1741995
1671 1742995
1670 1743995
1664 1744995
1664 1745995
1658 1746995
1654 1747995
1646 1748995
1644 1749995
1642 1750995
1642 1751995
1641 1752995
1637 1753995
1635 1754995
1629 1755995
1625 1756995
1618 1757995
1614 1758995
1610 1759995
1605 1760995
1600 1761995
1600 1762995
1594 1763995
1592 1764995
1584 1765995
1583 1766995
1576 1767995
1575 1768995
1571 1769995
1564 1770995
1562 1771995
1560 1772995
1557 1773995
1552 1774995
1546 1775995
1540 1776995
1538 1777995
1533 1778995
1527 1779995
1521 1780995
1517 1781995
1512 1782995
1507 1783995
1502 1784995
1500 1785995
1494 1786995
