4995 -5021
4986 -4021
4974 -3021
4960 -2021
4952 -1021
4944 -21
4934 979
4920 1979
4923 2979
4917 3979
4907 4979
4910 5979
4902 6979
4900 7979
4884 8979
4878 9979
4875 10979
4877 11979
4869 12979
4854 13979
4856 14979
4849 15979
4846 16979
4851 17979
4854 18979
4849 19979
4847 20979
4841 21979
4833 22979
4820 23979
4816 24979
4811 25979
4811 26979
4812 27979
4820 28979
4819 29979
4822 30979
4823 31979
4830 32979
4836 33979
4845 34979
4848 35979
4856 36979
4861 37979
4860 38979
4860 39979
4847 40979
4860 41979
4827 42979
4819 43979
4814 44979
4811 45979
4803 46979
4804 47979
4810 48979
4816 49979
4820 50979
4821 51979
4830 52979
4852 53979
4857 54979
4857 55979
4855 56979
4853 57979
4856 58979
4873 59979
4901 60979
4926 61979
4929 62979
4926 63979
4924 64979
4923 65979
4915 66979
4914 67979
4903 68979
4895 69979
4877 70979
4856 71979
4830 72979
4816 73979
4803 74979
4799 75979
4793 76979
4780 77979
4765 78979
4760 79979
4753 80979
4747 81979
4741 82979
4740 83979
4733 84979
4715 85979
4710 86979
4696 87979
4686 88979
4675 89979
4669 90979
4656 91979
4647 92979
4630 93979
4622 94979
4610 95979
4600 96979
4583 97979
4570 98979
4558 99979
4546 100979
4531 101979
4521 102979
4516 103979
4506 104979
4492 105979
4487 106979
4476 107979
4464 108979
4451 109979
4435 110979
4426 111979
4415 112979
4399 113979
4386 114979
4387 115979
4375 116979
4364 117979
4359 118979
4353 119979
4341 120979
4336 121979
4328 122979
4324 123979
4316 124979
4308 125979
4294 126979
4281 127979
4263 128979
4248 129979
4239 130979
4234 131979
4221 132979
4216 133979
4209 134979
4212 135979
4213 136979
4211 137979
4214 138979
4218 139979
4217 140979
4201 141979
4203 142979
4209 143979
4212 144979
4218 145979
4228 146979
4237 147979
4247 148979
4255 149979
4253 150979
4259 151979
4253 152979
4257 153979
4254 154979
4255 155979
4256 156979
4252 157979
4248 158979
4244 159979
4238 160979
4235 161979
4228 162979
4224 163979
4220 164979
4213 165979
4215 166979
4205 167979
4203 168979
4194 169979
4190 170979
4189 171979
4186 172979
4189 173979
4190 174979
4196 175979
4192 176979
4196 177979
4194 178979
4192 179979
4186 180979
4185 181979
4177 182979
4173 183979
4169 184979
4166 185979
4158 186979
4144 187979
4137 188979
4134 189979
4123 190979
4119 191979
4113 192979
4105 193979
4099 194979
4089 195979
4080 196979
4079 197979
4066 198979
4067 199979
4067 200979
4061 201979
4053 202979
4049 203979
4038 204979
4024 205979
4005 206979
3992 207979
3973 208979
3956 209979
3935 210979
3921 211979
3909 212979
3897 213979
3881 214979
3868 215979
3858 216979
3844 217979
3840 218979
3833 219979
3821 220979
3809 221979
3790 222979
3766 223979
3753 224979
3749 225979
3735 226979
3732 227979
3726 228979
3724 229979
3714 230979
3709 231979
3708 232979
3704 233979
3701 234979
3697 235979
3691 236979
3684 237979
3675 238979
3667 239979
3660 240979
3654 241979
3631 242979
3629 243979
3625 244979
3617 245979
3614 246979
3609 247979
3600 248979
3601 249979
3594 250979
3595 251979
3596 252979
3599 253979
3594 254979
3589 255979
3599 256979
3601 257979
3599 258979
3600 259979
3599 260979
3604 261979
3602 262979
3606 263979
3607 264979
3605 265979
3611 266979
3605 267979
3610 268979
3605 269979
3601 270979
3599 271979
3592 272979
3590 273979
3588 274979
3579 275979
3577 276979
3571 277979
3569 278979
3563 279979
3561 280979
3560 281979
3558 282979
3558 283979
3549 284979
3552 285979
3546 286979
3549 287979
3541 288979
3535 289979
3527 290979
3516 291979
3507 292979
3503 293979
3500 294979
3495 295979
3486 296979
3482 297979
3476 298979
3464 299979
3445 300979
3365 301979
3343 302979
3328 303979
3314 304979
3303 305979
3299 306979
3288 307979
3276 308979
3262 309979
3256 310979
3242 311979
3236 312979
3224 313979
3212 314979
3195 315979
3175 316979
3161 317979
3142 318979
3136 319979
3120 320979
3100 321979
3078 322979
3057 323979
3050 324979
3025 325979
3010 326979
3002 327979
2994 328979
2982 329979
2974 330979
2964 331979
2959 332979
2952 333979
2947 334979
2942 335979
2937 336979
2922 337979
2915 338979
2914 339979
2916 340979
2907 341979
2893 342979
2879 343979
2863 344979
2851 345979
2839 346979
2830 347979
2819 348979
2805 349979
2811 350979
2806 351979
2799 352979
2796 353979
2787 354979
2777 355979
2769 356979
2765 357979
2768 358979
2771 359979
2776 360979
2786 361979
2797 362979
2804 363979
2807 364979
2808 365979
2807 366979
2803 367979
2802 368979
2807 369979
2813 370979
2821 371979
2827 372979
2828 373979
2832 374979
2831 375979
2836 376979
2837 377979
2836 378979
2837 379979
2836 380979
2834 381979
2829 382979
2827 383979
2821 384979
2818 385979
2817 386979
2813 387979
2807 388979
2803 389979
2800 390979
2796 391979
2792 392979
2788 393979
2786 394979
2785 395979
2769 396979
2751 397979
2741 398979
2732 399979
2721 400979
2711 401979
2701 402979
2687 403979
2675 404979
2661 405979
2644 406979
2637 407979
2626 408979
2613 409979
2595 410979
2587 411979
2570 412979
2548 413979
2535 414979
2525 415979
2507 416979
2492 417979
2476 418979
2460 419979
2438 420979
2414 421979
2392 422979
2368 423979
2338 424979
2320 425979
2303 426979
2281 427979
2265 428979
2248 429979
2235 430979
2224 431979
2215 432979
2201 433979
2194 434979
2179 435979
2167 436979
2156 437979
2145 438979
2134 439979
2125 440979
2118 441979
2112 442979
2111 443979
2106 444979
2103 445979
2104 446979
2101 447979
2100 448979
2098 449979
2095 450979
2091 451979
2089 452979
2087 453979
2085 454979
2084 455979
2079 456979
2063 457979
2048 458979
2033 459979
2019 460979
2013 461979
2012 462979
2000 463979
1999 464979
2002 465979
1996 466979
1995 467979
1994 468979
1998 469979
2004 470979
2010 471979
2017 472979
2016 473979
2018 474979
2023 475979
2022 476979
2029 477979
2036 478979
2040 479979
2041 480979
2037 481979
2042 482979
2044 483979
2042 484979
2044 485979
2043 486979
2042 487979
2046 488979
2035 489979
2032 490979
2025 491979
2021 492979
2014 493979
2005 494979
2000 495979
1998 496979
1994 497979
1994 498979
1987 499979
1981 500979
1980 501979
1972 502979
1964 503979
1956 504979
1944 505979
1932 506979
1922 507979
1916 508979
1904 509979
1896 510979
1882 511979
1864 512979
1844 513979
1828 514979
1805 515979
1789 516979
1769 517979
1755 518979
1738 519979
1723 520979
1700 521979
1681 522979
1663 523979
1644 524979
1629 525979
1612 526979
1593 527979
1574 528979
1561 529979
1546 530979
1533 531979
1518 532979
1505 533979
1494 534979
1484 535979
1478 536979
1473 537979
1463 538979
1457 539979
1452 540979
1445 541979
1437 542979
1432 543979
1420 544979
1410 545979
1395 546979
1381 547979
1368 548979
1357 549979
1348 550979
1342 551979
1336 552979
1333 553979
1320 554979
1309 555979
1304 556979
1298 557979
1291 558979
1289 559979
1289 560979
1288 561979
1284 562979
1283 563979
1277 564979
1270 565979
1270 566979
1260 567979
1260 568979
1259 569979
1260 570979
1257 571979
1261 572979
1266 573979
1263 574979
1257 575979
1258 576979
1266 577979
1267 578979
1271 579979
1274 580979
1273 581979
1277 582979
1282 583979
1285 584979
1285 585979
1285 586979
1290 587979
1285 588979
1291 589979
1278 590979
1275 591979
1276 592979
1279 593979
1274 594979
1275 595979
1274 596979
1275 597979
1257 598979
1244 599979
1245 600979
1246 601979
1245 602979
1250 603979
1252 604979
1259 605979
1266 606979
1272 607979
1271 608979
1266 609979
1263 610979
1259 611979
1255 612979
1249 613979
1243 614979
1239 615979
1227 616979
1221 617979
1212 618979
1202 619979
1190 620979
1182 621979
1177 622979
1173 623979
1166 624979
1157 625979
1152 626979
1140 627979
1127 628979
1114 629979
1101 630979
1088 631979
1080 632979
1072 633979
1067 634979
1050 635979
1037 636979
1019 637979
990 638979
