4964 11000
4960 12000
4955 13000
4948 14000
4945 15000
4937 16000
4942 17000
4925 18000
4924 19000
4925 20000
4937 21000
4925 22000
4923 23000
4924 24000
4921 25000
4918 26000
4931 27000
4931 28000
4936 29000
4930 30000
4926 31000
4912 32000
4906 33000
4894 34000
4896 35000
4890 36000
4899 37000
4892 38000
4878 39000
4880 40000
4862 41000
4864 42000
4863 43000
4848 44000
4846 45000
4845 46000
4834 47000
4826 48000
4827 49000
4819 50000
4812 51000
4815 52000
4805 53000
4803 54000
4797 55000
4790 56000
4779 57000
4778 58000
4771 59000
4759 60000
4756 61000
4754 62000
4743 63000
4741 64000
4734 65000
4723 66000
4712 67000
4712 68000
4707 69000
4711 70000
4713 71000
4715 72000
4714 73000
4724 74000
4721 75000
4720 76000
4717 77000
4714 78000
4712 79000
4708 80000
4702 81000
4697 82000
4691 83000
4683 84000
4681 85000
4662 86000
4659 87000
4647 88000
4638 89000
4630 90000
4617 91000
4608 92000
4600 93000
4599 94000
4597 95000
4586 96000
4578 97000
4576 98000
4568 99000
4560 100000
4551 101000
4533 102000
4517 103000
4526 104000
4516 105000
4514 106000
4505 107000
4496 108000
4481 109000
4468 110000
4475 111000
4481 112000
4493 113000
4485 114000
4472 115000
4449 116000
4452 117000
4450 118000
4455 119000
4456 120000
4435 121000
4427 122000
4425 123000
4415 124000
4410 125000
4399 126000
4393 127000
4381 128000
4367 129000
4353 130000
4354 131000
4350 132000
4341 133000
4340 134000
4350 135000
4347 136000
4350 137000
4346 138000
4344 139000
4342 140000
4341 141000
4340 142000
4353 143000
4347 144000
4347 145000
4345 146000
4348 147000
4335 148000
4331 149000
4325 150000
4317 151000
4313 152000
4296 153000
4286 154000
4281 155000
4277 156000
4275 157000
4262 158000
4244 159000
4227 160000
4229 161000
4207 162000
4206 163000
4183 164000
4169 165000
4168 166000
4169 167000
4156 168000
4148 169000
4145 170000
4141 171000
4127 172000
4119 173000
4113 174000
4109 175000
4101 176000
4096 177000
4093 178000
4098 179000
4100 180000
4099 181000
4110 182000
4118 183000
4119 184000
4109 185000
4100 186000
4100 187000
4090 188000
4078 189000
4060 190000
4055 191000
4048 192000
4046 193000
4041 194000
4037 195000
4034 196000
4030 197000
4021 198000
4012 199000
4008 200000
4005 201000
4001 202000
3982 203000
3977 204000
3963 205000
3955 206000
3931 207000
3923 208000
3909 209000
3897 210000
3876 211000
3850 212000
3835 213000
3822 214000
3810 215000
3796 216000
3781 217000
3773 218000
3778 219000
3766 220000
3765 221000
3762 222000
3767 223000
3759 224000
3762 225000
3745 226000
3745 227000
3739 228000
3734 229000
3722 230000
3705 231000
3704 232000
3686 233000
3663 234000
3658 235000
3681 236000
3656 237000
3647 238000
3653 239000
3639 240000
3636 241000
3634 242000
3635 243000
3638 244000
3637 245000
3626 246000
3633 247000
3630 248000
3622 249000
3615 250000
3620 251000
3618 252000
3614 253000
3609 254000
3610 255000
3615 256000
3593 257000
3596 258000
3584 259000
3567 260000
3562 261000
3554 262000
3535 263000
3539 264000
3523 265000
3512 266000
3509 267000
3513 268000
3501 269000
3500 270000
3488 271000
3480 272000
3479 273000
3473 274000
3452 275000
3437 276000
3421 277000
3404 278000
3385 279000
3377 280000
3365 281000
3358 282000
3351 283000
3349 284000
3349 285000
3343 286000
3334 287000
3332 288000
3331 289000
3333 290000
3321 291000
3311 292000
3314 293000
3316 294000
3319 295000
3314 296000
3315 297000
3308 298000
3299 299000
3289 300000
3277 301000
3268 302000
3272 303000
3268 304000
3270 305000
3274 306000
3279 307000
3272 308000
3265 309000
3252 310000
3243 311000
3237 312000
3218 313000
3205 314000
3199 315000
3183 316000
3170 317000
3158 318000
3148 319000
3142 320000
3133 321000
3119 322000
3102 323000
3114 324000
3080 325000
3061 326000
3053 327000
3039 328000
3044 329000
3040 330000
3027 331000
3018 332000
3009 333000
3004 334000
2995 335000
2988 336000
2978 337000
2970 338000
2966 339000
2951 340000
2944 341000
2935 342000
2924 343000
2920 344000
2909 345000
2895 346000
2887 347000
2887 348000
2882 349000
2870 350000
2864 351000
2855 352000
2849 353000
2847 354000
2839 355000
2843 356000
2836 357000
2829 358000
2819 359000
2810 360000
2804 361000
2799 362000
2798 363000
2807 364000
2809 365000
2807 366000
2798 367000
2795 368000
2801 369000
2796 370000
2799 371000
2793 372000
2780 373000
2766 374000
2764 375000
2756 376000
2743 377000
2735 378000
2730 379000
2707 380000
2697 381000
2690 382000
2688 383000
2678 384000
2676 385000
2668 386000
2661 387000
2660 388000
2647 389000
2640 390000
2637 391000
2625 392000
2607 393000
2602 394000
2607 395000
2597 396000
2594 397000
2596 398000
2590 399000
2582 400000
2572 401000
2567 402000
2568 403000
2561 404000
2550 405000
2536 406000
2529 407000
2515 408000
2514 409000
2496 410000
2484 411000
2468 412000
2459 413000
2445 414000
2432 415000
2418 416000
2409 417000
2400 418000
2382 419000
2376 420000
2366 421000
2352 422000
2341 423000
2328 424000
2318 425000
2306 426000
2290 427000
2283 428000
2279 429000
2265 430000
2248 431000
2233 432000
2231 433000
2228 434000
2229 435000
2236 436000
2216 437000
2226 438000
2216 439000
2219 440000
2213 441000
2193 442000
2181 443000
2167 444000
2155 445000
2149 446000
2140 447000
2118 448000
2099 449000
2091 450000
2078 451000
2059 452000
2063 453000
2056 454000
2046 455000
2067 456000
2046 457000
2046 458000
2054 459000
2069 460000
2067 461000
2066 462000
2074 463000
2073 464000
2072 465000
2073 466000
2070 467000
2069 468000
2068 469000
2065 470000
2061 471000
2058 472000
2049 473000
2044 474000
2037 475000
2037 476000
2028 477000
2019 478000
2006 479000
2007 480000
1997 481000
1992 482000
1984 483000
1973 484000
1962 485000
1952 486000
1940 487000
1932 488000
1925 489000
1919 490000
1919 491000
1917 492000
1907 493000
1904 494000
1909 495000
1915 496000
1913 497000
1909 498000
1908 499000
1902 500000
1894 501000
1889 502000
1868 503000
1856 504000
1854 505000
1851 506000
1846 507000
1841 508000
1837 509000
1830 510000
1815 511000
1801 512000
1795 513000
1780 514000
1760 515000
1757 516000
1749 517000
1749 518000
1750 519000
1747 520000
1744 521000
1744 522000
1737 523000
1734 524000
1724 525000
1715 526000
1705 527000
1699 528000
1688 529000
1679 530000
1669 531000
1668 532000
1657 533000
1648 534000
1640 535000
1634 536000
1622 537000
1617 538000
1607 539000
1597 540000
1577 541000
1568 542000
1549 543000
1537 544000
1520 545000
1510 546000
1499 547000
1491 548000
1475 549000
1467 550000
1449 551000
1440 552000
1427 553000
1421 554000
1409 555000
1398 556000
1385 557000
1376 558000
1370 559000
1365 560000
1372 561000
1363 562000
1361 563000
1352 564000
1344 565000
1341 566000
1332 567000
1327 568000
1323 569000
1321 570000
1325 571000
1318 572000
1338 573000
1334 574000
1325 575000
1327 576000
1324 577000
1319 578000
1331 579000
1329 580000
1337 581000
1335 582000
1340 583000
1342 584000
1342 585000
1334 586000
1328 587000
1321 588000
1315 589000
1309 590000
1301 591000
1296 592000
1285 593000
1277 594000
1273 595000
1269 596000
1262 597000
1255 598000
1247 599000
1239 600000
1229 601000
1219 602000
1209 603000
1210 604000
1214 605000
1211 606000
1212 607000
1211 608000
1210 609000
1224 610000
1213 611000
1206 612000
1202 613000
1200 614000
1204 615000
1208 616000
1203 617000
1192 618000
1177 619000
1171 620000
1163 621000
1158 622000
1145 623000
1134 624000
1112 625000
1099 626000
1092 627000
1079 628000
1077 629000
1072 630000
1061 631000
1047 632000
1037 633000
1028 634000
1019 635000
1006 636000
995 637000
