4996 11037
4998 12037
4984 13037
4979 14037
4963 15037
4955 16037
4946 17037
4945 18037
4935 19037
4927 20037
4928 21037
4931 22037
4913 23037
4902 24037
4884 25037
4883 26037
4873 27037
4883 28037
4868 29037
4857 30037
4849 31037
4842 32037
4837 33037
4828 34037
4833 35037
4832 36037
4830 37037
4835 38037
4831 39037
4820 40037
4821 41037
4823 42037
4817 43037
4817 44037
4807 45037
4807 46037
4806 47037
4797 48037
4796 49037
4791 50037
4790 51037
4791 52037
4784 53037
4792 54037
4785 55037
4780 56037
4784 57037
4782 58037
4773 59037
4767 60037
4766 61037
4752 62037
4751 63037
4743 64037
4737 65037
4730 66037
4723 67037
4723 68037
4713 69037
4710 70037
4706 71037
4702 72037
4705 73037
4711 74037
4707 75037
4711 76037
4710 77037
4700 78037
4685 79037
4680 80037
4672 81037
4662 82037
4655 83037
4658 84037
4656 85037
4659 86037
4655 87037
4646 88037
4641 89037
4634 90037
4626 91037
4617 92037
4617 93037
4608 94037
4605 95037
4594 96037
4585 97037
4583 98037
4578 99037
4569 100037
4569 101037
4564 102037
4550 103037
4542 104037
4541 105037
4527 106037
4521 107037
4506 108037
4501 109037
4497 110037
4488 111037
4482 112037
4478 113037
4466 114037
4460 115037
4456 116037
4440 117037
4436 118037
4429 119037
4422 120037
4418 121037
4413 122037
4409 123037
4400 124037
4393 125037
4389 126037
4380 127037
4373 128037
4363 129037
4360 130037
4355 131037
4357 132037
4355 133037
4349 134037
4348 135037
4337 136037
4330 137037
4319 138037
4311 139037
4305 140037
4308 141037
4298 142037
4293 143037
4278 144037
4272 145037
4263 146037
4255 147037
4248 148037
4238 149037
4227 150037
4220 151037
4205 152037
4206 153037
4205 154037
4205 155037
4208 156037
4210 157037
4211 158037
4208 159037
4211 160037
4207 161037
4200 162037
4197 163037
4194 164037
4194 165037
4190 166037
4187 167037
4179 168037
4170 169037
4169 170037
4172 171037
4166 172037
4168 173037
4162 174037
4169 175037
4166 176037
4167 177037
4168 178037
4159 179037
4160 180037
4157 181037
4160 182037
4154 183037
4149 184037
4145 185037
4143 186037
4137 187037
4130 188037
4124 189037
4128 190037
4120 191037
4112 192037
4099 193037
4089 194037
4078 195037
4063 196037
4058 197037
4048 198037
4041 199037
4030 200037
4027 201037
4017 202037
4008 203037
4002 204037
3993 205037
3987 206037
3986 207037
3972 208037
3967 209037
3952 210037
3943 211037
3924 212037
3918 213037
3913 214037
3901 215037
3884 216037
3873 217037
3864 218037
3849 219037
3836 220037
3817 221037
3804 222037
3798 223037
3784 224037
3773 225037
3758 226037
3742 227037
3738 228037
3726 229037
3714 230037
3706 231037
3692 232037
3682 233037
3672 234037
3657 235037
3660 236037
3655 237037
3662 238037
3649 239037
3642 240037
3633 241037
3629 242037
3619 243037
3613 244037
3612 245037
3602 246037
3582 247037
3576 248037
3560 249037
3552 250037
3536 251037
3534 252037
3531 253037
3536 254037
3535 255037
3527 256037
3522 257037
3513 258037
3507 259037
3496 260037
3491 261037
3490 262037
3490 263037
3485 264037
3484 265037
3479 266037
3478 267037
3482 268037
3479 269037
3474 270037
3474 271037
3474 272037
3474 273037
3470 274037
3469 275037
3465 276037
3459 277037
3455 278037
3456 279037
3458 280037
3453 281037
3453 282037
3449 283037
3442 284037
3442 285037
3445 286037
3438 287037
3441 288037
3444 289037
3443 290037
3439 291037
3434 292037
3429 293037
3424 294037
3415 295037
3406 296037
3401 297037
3390 298037
3381 299037
3371 300037
3363 301037
3346 302037
3339 303037
3329 304037
3311 305037
3302 306037
3292 307037
3276 308037
3273 309037
3262 310037
3250 311037
3249 312037
3242 313037
3236 314037
3225 315037
3222 316037
3218 317037
3210 318037
3206 319037
3190 320037
3180 321037
3168 322037
3161 323037
3145 324037
3136 325037
3129 326037
3118 327037
3107 328037
3097 329037
3078 330037
3064 331037
3050 332037
3027 333037
3007 334037
2990 335037
2972 336037
2958 337037
2954 338037
2939 339037
2919 340037
2910 341037
2899 342037
2886 343037
2871 344037
2856 345037
2844 346037
2826 347037
2807 348037
2795 349037
2781 350037
2778 351037
2775 352037
2769 353037
2759 354037
2753 355037
2746 356037
2726 357037
2707 358037
2706 359037
2700 360037
2705 361037
2703 362037
2706 363037
2690 364037
2678 365037
2666 366037
2662 367037
2648 368037
2640 369037
2640 370037
2638 371037
2634 372037
2630 373037
2628 374037
2629 375037
2635 376037
2637 377037
2636 378037
2636 379037
2627 380037
2625 381037
2624 382037
2620 383037
2620 384037
2619 385037
2615 386037
2612 387037
2613 388037
2611 389037
2612 390037
2612 391037
2610 392037
2613 393037
2609 394037
2611 395037
2610 396037
2608 397037
2610 398037
2608 399037
2604 400037
2601 401037
2596 402037
2589 403037
2582 404037
2576 405037
2563 406037
2554 407037
2537 408037
2518 409037
2503 410037
2486 411037
2472 412037
2463 413037
2451 414037
2444 415037
2430 416037
2417 417037
2405 418037
2395 419037
2386 420037
2377 421037
2370 422037
2360 423037
2351 424037
2339 425037
2331 426037
2315 427037
2307 428037
2298 429037
2291 430037
2279 431037
2272 432037
2257 433037
2247 434037
2242 435037
2236 436037
2232 437037
2230 438037
2223 439037
2216 440037
2203 441037
2192 442037
2186 443037
2184 444037
2182 445037
2174 446037
2166 447037
2150 448037
2134 449037
2119 450037
2106 451037
2092 452037
2079 453037
2067 454037
2053 455037
2036 456037
2027 457037
2019 458037
2011 459037
2004 460037
1997 461037
1987 462037
1979 463037
1969 464037
1961 465037
1952 466037
1938 467037
1934 468037
1937 469037
1934 470037
1931 471037
1928 472037
1921 473037
1913 474037
1907 475037
1899 476037
1895 477037
1888 478037
1884 479037
1879 480037
1870 481037
1864 482037
1863 483037
1857 484037
1854 485037
1847 486037
1846 487037
1840 488037
1838 489037
1832 490037
1829 491037
1828 492037
1823 493037
1824 494037
1819 495037
1817 496037
1818 497037
1817 498037
1818 499037
1819 500037
1824 501037
1822 502037
1822 503037
1821 504037
1818 505037
1815 506037
1809 507037
1800 508037
1790 509037
1785 510037
1787 511037
1784 512037
1776 513037
1767 514037
1753 515037
1738 516037
1731 517037
1725 518037
1714 519037
1702 520037
1693 521037
1687 522037
1674 523037
1666 524037
1655 525037
1646 526037
1641 527037
1634 528037
1629 529037
1618 530037
1611 531037
1596 532037
1587 533037
1573 534037
1568 535037
1560 536037
1551 537037
1539 538037
1521 539037
1506 540037
1494 541037
1487 542037
1481 543037
1472 544037
1464 545037
1454 546037
1444 547037
1437 548037
1431 549037
1420 550037
1412 551037
1402 552037
1390 553037
1381 554037
1372 555037
1360 556037
1350 557037
1337 558037
1325 559037
1311 560037
1304 561037
1291 562037
1280 563037
1269 564037
1255 565037
1237 566037
1231 567037
1219 568037
1211 569037
1198 570037
1190 571037
1184 572037
1176 573037
1167 574037
1162 575037
1155 576037
1149 577037
1144 578037
1140 579037
1136 580037
1135 581037
1131 582037
1132 583037
1131 584037
1133 585037
1136 586037
1134 587037
1126 588037
1133 589037
1132 590037
1130 591037
1127 592037
1125 593037
1119 594037
1115 595037
1110 596037
1105 597037
1105 598037
1103 599037
1103 600037
1102 601037
1102 602037
1102 603037
1101 604037
1100 605037
1103 606037
1101 607037
1102 608037
1104 609037
1105 610037
1102 611037
1102 612037
1100 613037
1099 614037
1101 615037
1093 616037
1089 617037
1081 618037
1074 619037
1066 620037
1062 621037
1056 622037
1043 623037
1033 624037
1022 625037
1016 626037
1007 627037
1000 628037
989 629037
