5000 -1033
5000 -33
5000 967
5000 1967
5000 2967
5000 3967
5000 4967
5000 5967
5000 6967
5000 7967
5000 8967
5000 9967
5000 10967
5000 11967
5000 12967
5000 13967
5000 14967
5000 15967
5000 16967
4998 17967
4994 18967
4998 19967
4994 20967
4984 21967
4984 22967
4977 23967
4972 24967
4973 25967
4964 26967
4954 27967
4945 28967
4939 29967
4931 30967
4918 31967
4921 32967
4909 33967
4899 34967
4888 35967
4892 36967
4876 37967
4871 38967
4863 39967
4857 40967
4854 41967
4831 42967
4824 43967
4813 44967
4809 45967
4809 46967
4802 47967
4804 48967
4795 49967
4789 50967
4765 51967
4768 52967
4781 53967
4776 54967
4785 55967
4766 56967
4762 57967
4768 58967
4757 59967
4750 60967
4735 61967
4739 62967
4724 63967
4734 64967
4731 65967
4718 66967
4722 67967
4720 68967
4714 69967
4720 70967
4714 71967
4715 72967
4720 73967
4718 74967
4713 75967
4713 76967
4712 77967
4703 78967
4694 79967
4703 80967
4699 81967
4700 82967
4706 83967
4697 84967
4704 85967
4702 86967
4706 87967
4688 88967
4685 89967
4679 90967
4669 91967
4675 92967
4662 93967
4673 94967
4660 95967
4659 96967
4663 97967
4653 98967
4647 99967
4629 100967
4615 101967
4615 102967
4594 103967
4589 104967
4581 105967
4582 106967
4579 107967
4565 108967
4560 109967
4556 110967
4558 111967
4551 112967
4545 113967
4529 114967
4515 115967
4513 116967
4503 117967
4491 118967
4481 119967
4481 120967
4484 121967
4479 122967
4471 123967
4453 124967
4449 125967
4429 126967
4433 127967
4423 128967
4427 129967
4414 130967
4411 131967
4413 132967
4413 133967
4407 134967
4414 135967
4406 136967
4403 137967
4400 138967
4392 139967
4370 140967
4356 141967
4331 142967
4319 143967
4303 144967
4286 145967
4279 146967
4259 147967
4249 148967
4225 149967
4213 150967
4209 151967
4204 152967
4197 153967
4202 154967
4199 155967
4197 156967
4194 157967
4192 158967
4182 159967
4183 160967
4182 161967
4183 162967
4174 163967
4174 164967
4165 165967
4158 166967
4161 167967
4151 168967
4155 169967
4148 170967
4134 171967
4124 172967
4112 173967
4113 174967
4103 175967
4103 176967
4099 177967
4101 178967
4088 179967
4106 180967
4101 181967
4096 182967
4110 183967
4105 184967
4104 185967
4105 186967
4107 187967
4105 188967
4103 189967
4101 190967
4110 191967
4099 192967
4101 193967
4106 194967
4101 195967
4096 196967
4089 197967
4069 198967
4077 199967
4062 200967
4064 201967
4057 202967
4030 203967
4018 204967
4011 205967
4002 206967
3994 207967
3985 208967
3980 209967
3973 210967
3970 211967
3971 212967
3963 213967
3958 214967
3951 215967
3940 216967
3946 217967
3934 218967
3927 219967
3915 220967
3903 221967
3892 222967
3891 223967
3879 224967
3875 225967
3857 226967
3852 227967
3852 228967
3835 229967
3823 230967
3814 231967
3802 232967
3801 233967
3794 234967
3780 235967
3767 236967
3746 237967
3738 238967
3732 239967
3739 240967
3726 241967
3726 242967
3720 243967
3702 244967
3680 245967
3670 246967
3675 247967
3654 248967
3623 249967
3604 250967
3592 251967
3571 252967
3555 253967
3541 254967
3506 255967
3475 256967
3482 257967
3451 258967
3429 259967
3422 260967
3420 261967
3417 262967
3426 263967
3417 264967
3420 265967
3421 266967
3426 267967
3416 268967
3411 269967
3407 270967
3384 271967
3381 272967
3365 273967
3356 274967
3350 275967
3339 276967
3334 277967
3334 278967
3330 279967
3334 280967
3333 281967
3329 282967
3325 283967
3330 284967
3330 285967
3328 286967
3328 287967
3332 288967
3325 289967
3325 290967
3325 291967
3327 292967
3329 293967
3324 294967
3322 295967
3320 296967
3317 297967
3307 298967
3284 299967
3260 300967
3261 301967
3252 302967
3235 303967
3234 304967
3245 305967
3240 306967
3234 307967
3228 308967
3224 309967
3222 310967
3215 311967
3210 312967
3206 313967
3194 314967
3173 315967
3179 316967
3174 317967
3166 318967
3161 319967
3158 320967
3149 321967
3122 322967
3118 323967
3111 324967
3109 325967
3105 326967
3090 327967
3084 328967
3080 329967
3080 330967
3074 331967
3063 332967
3058 333967
3031 334967
3012 335967
2991 336967
2972 337967
2948 338967
2914 339967
2895 340967
2889 341967
2881 342967
2882 343967
2873 344967
2852 345967
2847 346967
2838 347967
2830 348967
2813 349967
2805 350967
2793 351967
2778 352967
2768 353967
2759 354967
2748 355967
2740 356967
2725 357967
2711 358967
2695 359967
2699 360967
2696 361967
2685 362967
2679 363967
2670 364967
2667 365967
2659 366967
2654 367967
2648 368967
2646 369967
2640 370967
2641 371967
2635 372967
2628 373967
2624 374967
2615 375967
2609 376967
2601 377967
2594 378967
2581 379967
2578 380967
2573 381967
2567 382967
2562 383967
2559 384967
2557 385967
2546 386967
2543 387967
2542 388967
2540 389967
2537 390967
2537 391967
2532 392967
2533 393967
2533 394967
2534 395967
2524 396967
2521 397967
2521 398967
2515 399967
2513 400967
2507 401967
2503 402967
2486 403967
2476 404967
2474 405967
2470 406967
2473 407967
2470 408967
2469 409967
2462 410967
2457 411967
2445 412967
2440 413967
2430 414967
2424 415967
2416 416967
2405 417967
2392 418967
2381 419967
2365 420967
2353 421967
2346 422967
2329 423967
2321 424967
2307 425967
2292 426967
2278 427967
2263 428967
2248 429967
2241 430967
2231 431967
2234 432967
2219 433967
2213 434967
2209 435967
2209 436967
2213 437967
2206 438967
2205 439967
2201 440967
2194 441967
2177 442967
2169 443967
2148 444967
2128 445967
2110 446967
2091 447967
2066 448967
2069 449967
2064 450967
2064 451967
2061 452967
2050 453967
2044 454967
2046 455967
2028 456967
2022 457967
2006 458967
1999 459967
1988 460967
1972 461967
1963 462967
1953 463967
1945 464967
1933 465967
1926 466967
1918 467967
1904 468967
1887 469967
1882 470967
1878 471967
1867 472967
1854 473967
1847 474967
1838 475967
1826 476967
1818 477967
1806 478967
1794 479967
1785 480967
1763 481967
1744 482967
1724 483967
1710 484967
1692 485967
1677 486967
1663 487967
1652 488967
1648 489967
1647 490967
1639 491967
1631 492967
1631 493967
1630 494967
1629 495967
1628 496967
1626 497967
1627 498967
1620 499967
1619 500967
1615 501967
1611 502967
1608 503967
1596 504967
1584 505967
1569 506967
1561 507967
1550 508967
1541 509967
1533 510967
1526 511967
1515 512967
1511 513967
1501 514967
1496 515967
1490 516967
1483 517967
1476 518967
1471 519967
1461 520967
1453 521967
1444 522967
1434 523967
1424 524967
1412 525967
1404 526967
1398 527967
1387 528967
1377 529967
1372 530967
1367 531967
1359 532967
1356 533967
1350 534967
1344 535967
1341 536967
1340 537967
1341 538967
1340 539967
1337 540967
1335 541967
1331 542967
1328 543967
1328 544967
1329 545967
1326 546967
1328 547967
1327 548967
1324 549967
1324 550967
1322 551967
1319 552967
1314 553967
1312 554967
1308 555967
1304 556967
1298 557967
1294 558967
1288 559967
1282 560967
1275 561967
1268 562967
1256 563967
1241 564967
1236 565967
1229 566967
1223 567967
1218 568967
1213 569967
1218 570967
1206 571967
1203 572967
1198 573967
1194 574967
1192 575967
1185 576967
1183 577967
1180 578967
1177 579967
1172 580967
1165 581967
1160 582967
1156 583967
1148 584967
1136 585967
1129 586967
1121 587967
1115 588967
1106 589967
1096 590967
1082 591967
1081 592967
1075 593967
1068 594967
1061 595967
1052 596967
1053 597967
1050 598967
1048 599967
1042 600967
1033 601967
1019 602967
1009 603967
998 604967
