4988 31026
4999 32026
4993 33026
4993 34026
4992 35026
4988 36026
4987 37026
4991 38026
4987 39026
4984 40026
4973 41026
4968 42026
4971 43026
4963 44026
4960 45026
4957 46026
4964 47026
4957 48026
4954 49026
4943 50026
4929 51026
4919 52026
4922 53026
4917 54026
4911 55026
4908 56026
4882 57026
4880 58026
4879 59026
4868 60026
4867 61026
4864 62026
4864 63026
4870 64026
4867 65026
4867 66026
4867 67026
4869 68026
4867 69026
4876 70026
4878 71026
4883 72026
4884 73026
4878 74026
4876 75026
4878 76026
4872 77026
4876 78026
4875 79026
4870 80026
4876 81026
4876 82026
4875 83026
4874 84026
4872 85026
4875 86026
4877 87026
4867 88026
4855 89026
4856 90026
4858 91026
4859 92026
4852 93026
4850 94026
4854 95026
4848 96026
4842 97026
4829 98026
4821 99026
4822 100026
4827 101026
4821 102026
4808 103026
4812 104026
4807 105026
4785 106026
4768 107026
4774 108026
4769 109026
4764 110026
4763 111026
4760 112026
4755 113026
4756 114026
4750 115026
4753 116026
4744 117026
4735 118026
4736 119026
4730 120026
4731 121026
4733 122026
4721 123026
4716 124026
4711 125026
4707 126026
4697 127026
4686 128026
4677 129026
4679 130026
4654 131026
4651 132026
4648 133026
4643 134026
4631 135026
4571 136026
4554 137026
4555 138026
4550 139026
4550 140026
4550 141026
4546 142026
4543 143026
4540 144026
4536 145026
4538 146026
4528 147026
4520 148026
4511 149026
4507 150026
4503 151026
4500 152026
4493 153026
4491 154026
4484 155026
4476 156026
4468 157026
4457 158026
4445 159026
4432 160026
4428 161026
4423 162026
4420 163026
4405 164026
4407 165026
4408 166026
4397 167026
4393 168026
4387 169026
4384 170026
4379 171026
4376 172026
4372 173026
4371 174026
4367 175026
4366 176026
4364 177026
4363 178026
4359 179026
4363 180026
4356 181026
4354 182026
4353 183026
4354 184026
4354 185026
4353 186026
4355 187026
4356 188026
4352 189026
4352 190026
4350 191026
4323 192026
4322 193026
4321 194026
4319 195026
4314 196026
4314 197026
4312 198026
4311 199026
4314 200026
4311 201026
4308 202026
4296 203026
4294 204026
4296 205026
4293 206026
4275 207026
4256 208026
4246 209026
4220 210026
4199 211026
4199 212026
4176 213026
4174 214026
4171 215026
4173 216026
4168 217026
4170 218026
4174 219026
4173 220026
4170 221026
4168 222026
4167 223026
4170 224026
4167 225026
4164 226026
4165 227026
4164 228026
4158 229026
4155 230026
4143 231026
4135 232026
4130 233026
4126 234026
4112 235026
4108 236026
4101 237026
4090 238026
4062 239026
4037 240026
4015 241026
3990 242026
3980 243026
3975 244026
3979 245026
3964 246026
3947 247026
3930 248026
3924 249026
3923 250026
3904 251026
3893 252026
3888 253026
3884 254026
3882 255026
3869 256026
3864 257026
3856 258026
3844 259026
3838 260026
3828 261026
3815 262026
3806 263026
3795 264026
3787 265026
3772 266026
3765 267026
3757 268026
3750 269026
3744 270026
3740 271026
3726 272026
3715 273026
3712 274026
3708 275026
3703 276026
3697 277026
3696 278026
3692 279026
3681 280026
3671 281026
3663 282026
3662 283026
3664 284026
3657 285026
3657 286026
3659 287026
3653 288026
3654 289026
3650 290026
3644 291026
3641 292026
3641 293026
3627 294026
3617 295026
3619 296026
3618 297026
3620 298026
3619 299026
3615 300026
3614 301026
3614 302026
3607 303026
3605 304026
3596 305026
3585 306026
3580 307026
3581 308026
3583 309026
3581 310026
3581 311026
3579 312026
3575 313026
3571 314026
3564 315026
3559 316026
3558 317026
3554 318026
3548 319026
3545 320026
3538 321026
3529 322026
3519 323026
3511 324026
3503 325026
3495 326026
3482 327026
3480 328026
3480 329026
3476 330026
3466 331026
3458 332026
3451 333026
3450 334026
3443 335026
3440 336026
3432 337026
3426 338026
3417 339026
3412 340026
3406 341026
3404 342026
3389 343026
3375 344026
3361 345026
3354 346026
3337 347026
3330 348026
3328 349026
3320 350026
3317 351026
3313 352026
3312 353026
3309 354026
3304 355026
3304 356026
3287 357026
3277 358026
3255 359026
3248 360026
3234 361026
3219 362026
3205 363026
3188 364026
3182 365026
3178 366026
3164 367026
3158 368026
3131 369026
3113 370026
3103 371026
3107 372026
3090 373026
3059 374026
3024 375026
2995 376026
2988 377026
2980 378026
2969 379026
2966 380026
2954 381026
2943 382026
2940 383026
2938 384026
2933 385026
2925 386026
2922 387026
2915 388026
2912 389026
2906 390026
2897 391026
2880 392026
2862 393026
2851 394026
2838 395026
2832 396026
2821 397026
2819 398026
2817 399026
2819 400026
2818 401026
2808 402026
2807 403026
2790 404026
2781 405026
2775 406026
2774 407026
2774 408026
2772 409026
2770 410026
2769 411026
2771 412026
2766 413026
2770 414026
2766 415026
2763 416026
2761 417026
2756 418026
2753 419026
2751 420026
2756 421026
2756 422026
2752 423026
2749 424026
2748 425026
2744 426026
2747 427026
2743 428026
2743 429026
2739 430026
2736 431026
2732 432026
2734 433026
2728 434026
2724 435026
2697 436026
2683 437026
2675 438026
2663 439026
2651 440026
2645 441026
2639 442026
2625 443026
2622 444026
2621 445026
2616 446026
2606 447026
2590 448026
2575 449026
2565 450026
2548 451026
2538 452026
2520 453026
2502 454026
2490 455026
2482 456026
2476 457026
2469 458026
2464 459026
2456 460026
2443 461026
2427 462026
2416 463026
2403 464026
2370 465026
2349 466026
2321 467026
2315 468026
2304 469026
2303 470026
2300 471026
2297 472026
2293 473026
2292 474026
2284 475026
2283 476026
2272 477026
2260 478026
2251 479026
2244 480026
2230 481026
2215 482026
2204 483026
2184 484026
2169 485026
2156 486026
2130 487026
2113 488026
2107 489026
2102 490026
2101 491026
2095 492026
2088 493026
2065 494026
2040 495026
2022 496026
2002 497026
1979 498026
1965 499026
1960 500026
1959 501026
1948 502026
1937 503026
1934 504026
1933 505026
1929 506026
1931 507026
1931 508026
1931 509026
1932 510026
1926 511026
1927 512026
1926 513026
1923 514026
1921 515026
1917 516026
1915 517026
1913 518026
1912 519026
1908 520026
1923 521026
1934 522026
1956 523026
1955 524026
1962 525026
1963 526026
1961 527026
1962 528026
1962 529026
1965 530026
1970 531026
1975 532026
1979 533026
1978 534026
1978 535026
1970 536026
1985 537026
1992 538026
2002 539026
2005 540026
2013 541026
2014 542026
2005 543026
1998 544026
1992 545026
1983 546026
1970 547026
1964 548026
1959 549026
1951 550026
1944 551026
1931 552026
1915 553026
1903 554026
1889 555026
1880 556026
1872 557026
1864 558026
1853 559026
1841 560026
1837 561026
1829 562026
1817 563026
1803 564026
1784 565026
1771 566026
1758 567026
1750 568026
1734 569026
1708 570026
1685 571026
1680 572026
1673 573026
1665 574026
1648 575026
1644 576026
1634 577026
1634 578026
1620 579026
1610 580026
1606 581026
1596 582026
1587 583026
1572 584026
1561 585026
1551 586026
1539 587026
1528 588026
1512 589026
1493 590026
